191;
231;
137;
196;
103;
115;
210;
171;
134;
197;
234;
218;
157;
196;
237;
203;
121;
212;
102;
183;
118;
161;
230;
231;
189;
182;
163;
150;
155;
133;
155;
149;
161;
165;
118;
113;
160;
203;
202;
146;
139;
155;
157;
194;
152;
131;
141;
194;
123;
173;
144;
123;
232;
200;
191;
120;
156;
164;
260;
166;
153;
228;
259;
182;
172;
141;
208;
183;
162;
190;
114;
99;
119;
129;
138;
210;
151;
130;
166;
159;
218;
132;
239;
163;
216;
144;
249;
169;
202;
146;
137;
169;
139;
194;
172;
122;
133;
148;
205;
179;
153;
190;
173;
178;
144;
173;
135;
277;
162;
149;
133;
162;
210;
165;
185;
175;
154;
198;
205;
200;
209;
222;
128;
178;
148;
191;
179;
110;
235;
260;
162;
161;
140;
253;
166;
200;
145;
131;
250;
215;
134;
168;
212;
172;
204;
265;
200;
138;
146;
133;
114;
159;
137;
151;
180;
150;
203;
190;
271;
217;
155;
141;
215;
158;
181;
142;
122;
145;
156;
149;
161;
236;
194;
179;
174;
140;
181;
197;
137;
221;
194;
128;
203;
235;
210;
155;
141;
218;
184;
102;
135;
202;
253;
174;
149;
167;
124;
182;
160;
212;
237;
201;
136;
225;
142;
154;
123;
209;
192;
112;
161;
173;
194;
145;
149;
147;
136;
196;
174;
227;
162;
122;
190;
136;
218;
208;
187;
208;
133;
153;
207;
126;
171;
147;
147;
162;
165;
106;
136;
163;
162;
189;
204;
153;
176;
142;
160;
234;
139;
178;
144;
148;
212;
160;
214;
144;
160;
145;
135;
208;
126;
226;
144;
201;
115;
201;
130;
295;
181;
157;
159;
227;
139;
152;
198;
208;
235;
110;
150;
181;
156;
185;
168;
114;
156;
126;
109;
214;
200;
135;
157;
186;
202;
257;
208;
228;
138;
190;
167;
220;
146;
149;
234;
159;
174;
135;
162;
238;
204;
117;
139;
126;
216;
159;
177;
242;
209;
193;
153;
226;
147;
158;
105;
190;
118;
223;
123;
164;
122;
147;
163;
148;
201;
161;
155;
214;
106;
207;
241;
168;
132;
156;
133;
180;
195;
136;
137;
163;
171;
226;
155;
196;
151;
146;
165;
204;
189;
176;
141;
179;
237;
136;
169;
274;
209;
154;
120;
130;
180;
162;
144;
243;
160;
138;
130;
209;
207;
162;
134;
121;
154;
205;
140;
140;
184;
187;
121;
195;
141;
152;
203;
134;
127;
204;
137;
224;
128;
170;
281;
172;
178;
221;
153;
175;
151;
151;
159;
128;
187;
114;
155;
136;
158;
107;
119;
164;
219;
123;
149;
137;
143;
160;
204;
133;
136;
213;
192;
185;
123;
163;
145;
140;
126;
230;
155;
212;
230;
191;
275;
151;
158;
240;
159;
142;
222;
162;
155;
201;
160;
134;
198;
174;
112;
182;
136;
195;
195;
231;
195;
146;
137;
170;
201;
239;
227;
223;
215;
170;
146;
230;
183;
122;
122;
128;
124;
259;
131;
151;
149;
152;
229;
245;
166;
122;
147;
207;
143;
161;
189;
192;
262;
210;
158;
152;
181;
226;
207;
214;
152;
199;
169;
145;
229;
135;
222;
207;
216;
168;
135;
170;
248;
108;
225;
193;
210;
213;
120;
243;
179;
174;
165;
166;
160;
193;
212;
162;
219;
172;
142;
138;
208;
147;
129;
189;
207;
200;
150;
168;
179;
199;
142;
127;
171;
146;
177;
195;
230;
138;
141;
171;
181;
136;
164;
161;
256;
214;
230;
140;
241;
106;
151;
204;
228;
138;
153;
159;
250;
163;
202;
222;
295;
162;
195;
249;
140;
169;
161;
143;
191;
115;
192;
166;
187;
149;
192;
240;
128;
243;
172;
188;
183;
201;
207;
165;
124;
129;
196;
174;
116;
217;
144;
178;
258;
142;
214;
233;
166;
229;
181;
196;
133;
224;
154;
287;
141;
149;
176;
192;
120;
262;
238;
143;
130;
138;
195;
135;
243;
142;
137;
204;
163;
166;
232;
189;
149;
181;
200;
111;
192;
149;
114;
124;
191;
211;
207;
128;
117;
179;
221;
181;
165;
105;
123;
167;
132;
167;
137;
133;
157;
136;
149;
107;
214;
211;
145;
258;
228;
206;
128;
211;
172;
142;
150;
226;
162;
153;
277;
112;
264;
127;
256;
161;
138;
171;
130;
197;
241;
133;
121;
189;
138;
175;
108;
240;
141;
125;
218;
181;
162;
138;
267;
140;
179;
124;
177;
168;
227;
193;
184;
155;
120;
254;
124;
120;
143;
177;
205;
205;
210;
238;
125;
225;
173;
124;
182;
201;
151;
159;
115;
118;
124;
165;
135;
117;
121;
213;
186;
181;
216;
123;
160;
121;
153;
197;
185;
126;
270;
216;
200;
171;
207;
125;
147;
160;
181;
169;
164;
181;
151;
191;
231;
209;
207;
211;
210;
202;
175;
141;
154;
156;
121;
187;
182;
153;
160;
268;
205;
227;
175;
192;
118;
190;
166;
161;
112;
210;
154;
136;
159;
135;
205;
205;
172;
158;
213;
216;
166;
135;
160;
219;
211;
131;
218;
187;
148;
167;
135;
167;
269;
150;
229;
219;
139;
158;
182;
253;
155;
240;
180;
201;
179;
160;
166;
185;
219;
154;
169;
180;
247;
145;
139;
177;
163;
161;
148;
186;
220;
191;
150;
153;
182;
151;
138;
158;
179;
221;
227;
131;
229;
173;
207;
149;
201;
131;
108;
176;
207;
193;
192;
159;
130;
213;
186;
179;
132;
201;
135;
237;
136;
160;
146;
149;
173;
227;
170;
127;
151;
180;
170;
171;
157;
183;
194;
120;
249;
151;
120;
131;
213;
196;
146;
194;
192;
193;
157;
129;
123;
123;
143;
194;
246;
223;
186;
133;
272;
243;
165;
255;
185;
252;
140;
143;
149;
193;
255;
190;
119;
137;
142;
239;
178;
173;
229;
176;
130;
201;
155;
142;
231;
273;
112;
190;
229;
212;
161;
161;
208;
222;
222;
131;
169;
128;
143;
205;
149;
146;
189;
194;
125;
143;
161;
180;
154;
115;
125;
201;
146;
286;
117;
144;
159;
129;
149;
251;
174;
206;
192;
112;
193;
112;
207;
208;
203;
222;
182;
183;
212;
195;
125;
233;
150;
170;
220;
138;
210;
148;
163;
272;
134;
189;
184;
126;
159;
156;
144;
235;
275;
178;
172;
130;
157;
207;
144;
214;
216;
115;
233;
166;
208;
139;
214;
250;
220;
140;
182;
103;
124;
245;
143;
259;
158;
212;
179;
205;
141;
125;
217;
221;
225;
222;
152;
189;
215;
194;
171;
257;
163;
158;
190;
133;
130;
248;
220;
176;
191;
138;
154;
162;
166;
184;
155;
141;
177;
167;
160;
203;
140;
217;
118;
166;
170;
132;
147;
270;
156;
197;
256;
178;
229;
198;
192;
178;
162;
139;
155;
152;
121;
165;
147;
131;
205;
143;
211;
126;
189;
167;
202;
136;
206;
216;
116;
200;
142;
154;
145;
176;
281;
143;
126;
158;
189;
148;
208;
138;
176;
178;
153;
122;
197;
269;
136;
209;
196;
177;
148;
253;
158;
214;
126;
245;
250;
200;
159;
133;
209;
192;
270;
243;
159;
201;
163;
131;
227;
135;
142;
144;
166;
153;
214;
225;
102;
148;
183;
161;
277;
142;
241;
179;
100;
179;
171;
208;
145;
189;
178;
135;
144;
198;
129;
124;
164;
125;
150;
158;
222;
117;
221;
189;
186;
162;
225;
139;
154;
162;
182;
185;
189;
237;
160;
118;
274;
185;
227;
165;
160;
113;
177;
102;
151;
180;
230;
201;
158;
247;
145;
155;
175;
193;
124;
130;
184;
123;
247;
147;
218;
133;
156;
110;
113;
153;
203;
234;
206;
160;
183;
128;
227;
220;
165;
155;
156;
154;
152;
108;
143;
118;
149;
213;
150;
232;
195;
197;
210;
156;
256;
169;
168;
161;
156;
217;
177;
141;
134;
182;
146;
183;
127;
203;
224;
181;
113;
157;
133;
134;
214;
226;
161;
192;
197;
162;
251;
137;
200;
160;
195;
230;
114;
184;
135;
122;
146;
223;
175;
230;
143;
256;
132;
185;
126;
153;
121;
144;
138;
180;
198;
256;
167;
213;
170;
132;
189;
110;
165;
121;
148;
131;
146;
236;
249;
159;
197;
135;
130;
154;
153;
119;
131;
157;
155;
106;
122;
198;
192;
187;
201;
200;
226;
203;
279;
204;
134;
131;
211;
142;
153;
190;
207;
149;
242;
116;
214;
123;
151;
111;
203;
202;
137;
132;
189;
158;
179;
192;
115;
247;
152;
111;
166;
146;
179;
135;
129;
194;
160;
150;
151;
238;
149;
185;
220;
146;
134;
155;
130;
190;
184;
124;
227;
158;
205;
121;
157;
145;
100;
175;
154;
149;
170;
205;
140;
200;
232;
201;
141;
201;
168;
280;
149;
157;
118;
112;
145;
223;
214;
156;
156;
193;
215;
125;
237;
245;
146;
131;
128;
107;
190;
228;
160;
146;
142;
152;
185;
128;
128;
140;
195;
200;
216;
158;
132;
228;
141;
210;
126;
139;
139;
153;
208;
128;
133;
181;
159;
210;
195;
204;
263;
165;
135;
245;
140;
144;
200;
198;
292;
221;
254;
256;
177;
172;
124;
139;
253;
248;
147;
125;
131;
227;
241;
126;
155;
237;
149;
140;
201;
164;
199;
211;
134;
155;
166;
184;
207;
192;
224;
219;
137;
269;
206;
141;
161;
133;
204;
193;
198;
136;
167;
193;
212;
169;
209;
155;
231;
159;
168;
130;
255;
151;
201;
202;
234;
116;
197;
221;
204;
214;
150;
186;
139;
226;
132;
263;
251;
135;
196;
175;
197;
174;
210;
264;
137;
232;
222;
141;
179;
155;
131;
170;
128;
156;
215;
265;
183;
116;
123;
261;
144;
194;
210;
159;
198;
144;
211;
151;
168;
157;
220;
173;
126;
182;
166;
150;
202;
165;
111;
247;
138;
119;
140;
281;
150;
132;
126;
137;
204;
156;
155;
131;
201;
173;
207;
180;
130;
215;
241;
149;
159;
228;
229;
234;
123;
126;
144;
170;
224;
149;
93;
228;
159;
168;
170;
248;
153;
209;
136;
243;
122;
280;
208;
235;
170;
129;
174;
128;
198;
148;
167;
132;
123;
113;
127;
157;
135;
191;
158;
195;
130;
174;
162;
140;
194;
157;
162;
143;
218;
175;
230;
103;
196;
89;
144;
117;
137;
265;
153;
193;
170;
244;
236;
152;
196;
176;
155;
201;
159;
173;
160;
164;
143;
158;
185;
143;
95;
156;
148;
194;
148;
113;
163;
179;
167;
190;
196;
143;
148;
232;
164;
186;
153;
142;
251;
184;
199;
242;
141;
132;
157;
163;
182;
129;
207;
249;
159;
203;
147;
212;
184;
195;
264;
237;
136;
210;
171;
243;
162;
137;
129;
160;
198;
220;
182;
148;
218;
197;
196;
180;
170;
199;
264;
236;
127;
160;
157;
217;
169;
139;
137;
201;
261;
173;
128;
143;
199;
141;
232;
206;
275;
133;
164;
136;
137;
240;
138;
156;
120;
138;
197;
148;
180;
176;
217;
193;
198;
128;
150;
161;
133;
135;
208;
222;
123;
133;
158;
152;
210;
89;
208;
173;
171;
240;
142;
200;
112;
160;
195;
128;
149;
176;
106;
180;
162;
175;
120;
126;
136;
153;
219;
201;
156;
279;
145;
202;
155;
149;
235;
131;
128;
111;
165;
131;
121;
106;
121;
160;
235;
173;
153;
212;
165;
126;
202;
133;
137;
263;
177;
180;
145;
164;
160;
203;
212;
241;
191;
113;
126;
221;
241;
137;
265;
123;
155;
210;
192;
162;
131;
196;
105;
133;
203;
232;
159;
175;
131;
162;
189;
272;
127;
191;
107;
217;
134;
106;
209;
142;
174;
234;
131;
247;
202;
211;
200;
144;
249;
142;
115;
137;
199;
194;
165;
210;
138;
151;
222;
206;
136;
149;
238;
167;
246;
113;
191;
195;
209;
189;
189;
141;
211;
172;
203;
231;
199;
173;
120;
179;
178;
157;
216;
208;
230;
156;
135;
141;
116;
163;
142;
139;
193;
145;
121;
204;
195;
215;
206;
155;
286;
236;
164;
152;
166;
147;
158;
179;
210;
155;
271;
237;
205;
140;
165;
167;
159;
236;
226;
208;
188;
96;
138;
155;
173;
174;
121;
146;
182;
222;
232;
262;
110;
262;
97;
136;
168;
157;
147;
259;
176;
193;
244;
273;
134;
143;
174;
165;
195;
195;
246;
199;
156;
136;
142;
126;
207;
166;
210;
224;
254;
134;
165;
211;
191;
209;
116;
201;
123;
148;
212;
202;
195;
211;
197;
177;
126;
229;
169;
153;
187;
112;
214;
204;
164;
218;
282;
251;
156;
163;
185;
230;
233;
169;
212;
143;
248;
132;
157;
142;
145;
202;
191;
197;
189;
159;
181;
131;
193;
129;
219;
203;
212;
216;
111;
149;
152;
259;
290;
138;
179;
164;
171;
222;
132;
132;
124;
209;
194;
207;
285;
188;
110;
141;
155;
126;
216;
133;
309;
160;
156;
202;
204;
150;
262;
211;
240;
144;
113;
106;
224;
150;
180;
181;
149;
209;
186;
130;
122;
143;
118;
229;
137;
126;
120;
212;
135;
220;
138;
213;
152;
209;
138;
145;
235;
162;
109;
113;
156;
147;
260;
148;
159;
174;
141;
150;
195;
220;
175;
157;
237;
129;
276;
142;
162;
147;
160;
268;
163;
198;
132;
134;
118;
110;
207;
190;
174;
172;
115;
199;
193;
252;
188;
132;
108;
166;
156;
215;
263;
139;
137;
203;
156;
192;
141;
135;
209;
165;
184;
191;
168;
164;
179;
209;
187;
140;
206;
163;
247;
149;
137;
180;
114;
169;
195;
139;
232;
177;
139;
200;
156;
125;
150;
137;
146;
133;
145;
178;
117;
132;
197;
154;
227;
190;
193;
136;
187;
136;
219;
247;
240;
181;
178;
153;
111;
206;
143;
195;
165;
144;
148;
173;
168;
195;
224;
140;
296;
237;
225;
235;
143;
212;
160;
165;
142;
131;
149;
179;
218;
202;
142;
159;
243;
223;
210;
168;
157;
113;
132;
231;
128;
171;
146;
234;
145;
153;
264;
156;
119;
176;
251;
126;
159;
188;
157;
147;
212;
137;
140;
188;
166;
216;
122;
131;
203;
200;
181;
98;
130;
134;
145;
269;
200;
248;
122;
172;
114;
180;
140;
169;
133;
146;
126;
154;
185;
138;
187;
119;
181;
136;
148;
148;
165;
138;
120;
176;
152;
193;
182;
175;
217;
153;
193;
133;
245;
209;
206;
138;
160;
133;
169;
125;
219;
171;
194;
156;
132;
149;
206;
149;
131;
182;
100;
200;
144;
195;
210;
172;
287;
125;
221;
171;
125;
188;
181;
199;
210;
142;
189;
206;
146;
203;
216;
264;
222;
129;
260;
163;
155;
187;
166;
198;
165;
205;
213;
126;
163;
136;
308;
232;
120;
118;
219;
119;
141;
134;
204;
184;
140;
196;
232;
106;
201;
166;
221;
239;
171;
126;
167;
136;
215;
114;
124;
141;
218;
138;
121;
150;
239;
184;
191;
153;
162;
171;
154;
236;
145;
188;
139;
233;
152;
153;
216;
184;
237;
139;
200;
236;
159;
222;
207;
189;
137;
154;
170;
227;
207;
194;
192;
151;
140;
213;
274;
136;
175;
188;
131;
112;
121;
133;
124;
194;
259;
177;
135;
141;
133;
136;
162;
216;
145;
225;
139;
199;
195;
143;
216;
106;
213;
165;
164;
228;
148;
123;
160;
240;
167;
142;
146;
168;
223;
207;
178;
156;
141;
186;
144;
266;
120;
271;
150;
134;
219;
148;
225;
232;
181;
152;
162;
231;
123;
152;
185;
207;
201;
202;
170;
140;
212;
260;
185;
133;
242;
156;
180;
222;
137;
116;
139;
191;
103;
196;
111;
144;
189;
131;
165;
142;
216;
128;
136;
222;
190;
137;
177;
114;
241;
223;
112;
164;
157;
168;
183;
212;
173;
195;
144;
258;
223;
279;
149;
180;
164;
240;
196;
128;
157;
134;
185;
219;
148;
178;
196;
188;
156;
162;
274;
188;
206;
150;
199;
127;
222;
135;
235;
173;
131;
219;
238;
184;
155;
173;
237;
136;
206;
207;
130;
163;
196;
200;
222;
193;
189;
216;
194;
149;
143;
169;
202;
198;
239;
128;
239;
249;
112;
208;
156;
154;
190;
206;
229;
244;
255;
121;
128;
155;
194;
161;
158;
172;
236;
118;
191;
159;
177;
263;
161;
153;
126;
204;
162;
185;
135;
199;
149;
144;
155;
136;
159;
157;
159;
160;
169;
218;
191;
236;
212;
231;
162;
272;
174;
200;
287;
146;
148;
216;
105;
168;
121;
166;
198;
134;
149;
156;
150;
207;
196;
201;
162;
141;
194;
158;
227;
210;
180;
236;
134;
154;
189;
174;
166;
170;
159;
220;
132;
110;
222;
198;
158;
215;
227;
249;
161;
136;
169;
136;
245;
176;
216;
148;
172;
130;
189;
201;
136;
209;
151;
169;
152;
158;
176;
218;
184;
154;
126;
118;
141;
188;
133;
152;
157;
198;
121;
158;
138;
183;
230;
251;
270;
182;
202;
165;
133;
216;
165;
169;
135;
157;
152;
126;
171;
209;
122;
190;
184;
139;
162;
110;
198;
219;
170;
166;
130;
213;
140;
137;
142;
194;
296;
169;
204;
178;
207;
151;
151;
116;
168;
139;
224;
143;
138;
181;
221;
259;
145;
131;
151;
198;
133;
109;
236;
163;
231;
228;
166;
124;
163;
246;
242;
158;
265;
186;
196;
203;
132;
145;
182;
217;
201;
259;
161;
207;
184;
146;
260;
178;
141;
118;
120;
145;
269;
136;
222;
158;
236;
146;
227;
201;
163;
147;
174;
229;
225;
149;
125;
140;
189;
154;
178;
240;
155;
145;
145;
198;
195;
132;
233;
206;
246;
145;
148;
199;
161;
173;
133;
205;
179;
161;
123;
160;
128;
221;
175;
153;
195;
134;
259;
129;
153;
138;
98;
138;
127;
188;
183;
142;
155;
139;
156;
207;
242;
121;
121;
165;
176;
225;
138;
161;
236;
155;
152;
152;
117;
160;
143;
151;
172;
194;
134;
275;
150;
180;
129;
194;
182;
197;
230;
109;
222;
139;
166;
182;
214;
150;
178;
217;
144;
246;
145;
140;
206;
292;
124;
139;
174;
187;
189;
204;
131;
195;
113;
249;
184;
141;
139;
199;
132;
199;
220;
204;
119;
124;
200;
131;
157;
174;
195;
200;
179;
183;
126;
143;
226;
263;
167;
166;
144;
183;
197;
156;
139;
223;
144;
217;
247;
184;
199;
154;
153;
180;
138;
156;
186;
146;
220;
174;
223;
136;
135;
160;
162;
219;
155;
126;
193;
137;
180;
183;
161;
153;
130;
112;
115;
135;
155;
184;
241;
123;
151;
220;
216;
157;
152;
124;
171;
237;
186;
216;
151;
136;
175;
156;
282;
267;
146;
251;
118;
191;
207;
220;
132;
141;
135;
118;
197;
182;
171;
119;
197;
185;
274;
145;
233;
193;
164;
141;
121;
142;
140;
122;
134;
168;
151;
244;
203;
194;
155;
135;
138;
192;
122;
125;
118;
121;
201;
152;
211;
164;
186;
157;
164;
154;
136;
133;
174;
145;
204;
138;
158;
204;
192;
196;
274;
223;
141;
171;
210;
208;
225;
154;
153;
172;
144;
184;
261;
279;
193;
212;
152;
292;
142;
149;
148;
108;
135;
225;
208;
188;
208;
190;
242;
129;
214;
170;
124;
166;
142;
205;
112;
123;
178;
139;
163;
128;
155;
220;
113;
136;
229;
218;
161;
134;
171;
131;
131;
149;
121;
138;
132;
130;
169;
128;
140;
153;
170;
273;
134;
192;
192;
232;
139;
163;
152;
157;
180;
153;
175;
184;
119;
120;
154;
135;
220;
142;
114;
254;
151;
246;
212;
164;
230;
114;
96;
181;
124;
198;
183;
138;
228;
211;
106;
162;
166;
161;
201;
163;
107;
176;
157;
178;
189;
156;
137;
173;
144;
127;
143;
171;
202;
282;
188;
214;
135;
214;
235;
183;
130;
127;
223;
139;
206;
127;
123;
151;
227;
157;
144;
147;
168;
102;
151;
191;
139;
168;
216;
228;
149;
142;
176;
126;
242;
203;
164;
161;
196;
199;
249;
204;
142;
187;
185;
166;
222;
115;
154;
278;
128;
159;
176;
186;
180;
127;
236;
119;
151;
142;
116;
149;
200;
203;
151;
179;
167;
256;
107;
143;
164;
191;
131;
139;
194;
186;
150;
233;
183;
152;
119;
161;
137;
273;
123;
188;
185;
170;
196;
185;
135;
155;
154;
138;
169;
260;
181;
125;
240;
144;
195;
133;
159;
193;
184;
191;
155;
199;
155;
210;
189;
227;
198;
215;
122;
288;
179;
222;
153;
176;
143;
138;
210;
123;
115;
184;
165;
130;
143;
107;
132;
132;
232;
158;
217;
106;
125;
187;
147;
143;
143;
190;
97;
140;
144;
146;
199;
121;
192;
139;
245;
99;
154;
127;
135;
212;
151;
185;
135;
205;
163;
231;
248;
124;
206;
174;
200;
148;
176;
158;
125;
121;
205;
181;
145;
133;
114;
103;
287;
188;
163;
181;
205;
147;
109;
133;
185;
212;
218;
157;
161;
199;
155;
131;
155;
190;
158;
158;
135;
183;
164;
217;
142;
222;
203;
153;
146;
138;
194;
209;
208;
132;
178;
199;
155;
172;
249;
201;
132;
206;
209;
167;
176;
213;
137;
167;
293;
130;
173;
183;
274;
233;
141;
145;
165;
199;
126;
140;
168;
143;
113;
217;
179;
198;
117;
233;
149;
187;
121;
191;
115;
271;
214;
157;
187;
252;
206;
185;
167;
120;
161;
188;
172;
264;
162;
207;
142;
144;
192;
229;
194;
155;
164;
203;
262;
284;
195;
259;
159;
192;
158;
207;
162;
132;
153;
206;
128;
141;
237;
194;
105;
180;
142;
165;
183;
197;
168;
124;
145;
253;
211;
174;
120;
150;
132;
194;
258;
143;
166;
195;
218;
146;
178;
141;
165;
242;
216;
188;
177;
205;
142;
173;
120;
143;
127;
184;
219;
159;
103;
244;
153;
169;
157;
201;
156;
120;
136;
254;
162;
195;
142;
143;
184;
216;
211;
206;
195;
199;
152;
175;
223;
154;
118;
129;
158;
226;
174;
227;
210;
159;
137;
114;
172;
152;
189;
267;
245;
285;
185;
131;
228;
227;
199;
143;
134;
145;
145;
232;
182;
229;
227;
227;
218;
150;
204;
111;
126;
167;
208;
244;
205;
215;
124;
137;
138;
180;
178;
151;
238;
197;
185;
197;
220;
129;
158;
230;
152;
148;
199;
148;
216;
143;
186;
173;
138;
215;
139;
189;
185;
181;
123;
201;
135;
136;
158;
205;
194;
139;
218;
146;
215;
224;
167;
262;
184;
162;
174;
121;
202;
119;
121;
130;
232;
206;
206;
116;
146;
121;
175;
270;
135;
155;
133;
213;
210;
174;
158;
194;
122;
242;
112;
125;
144;
144;
196;
157;
136;
154;
243;
251;
117;
260;
129;
167;
195;
136;
161;
188;
131;
151;
235;
100;
181;
292;
162;
201;
161;
160;
138;
199;
149;
147;
173;
156;
134;
188;
211;
205;
157;
211;
126;
203;
160;
219;
145;
194;
236;
225;
130;
218;
232;
153;
122;
201;
200;
169;
217;
163;
206;
232;
250;
161;
143;
143;
242;
94;
197;
207;
175;
173;
233;
182;
210;
176;
149;
152;
153;
115;
189;
172;
194;
167;
143;
180;
122;
261;
188;
134;
151;
145;
190;
134;
201;
168;
123;
213;
152;
152;
230;
125;
221;
146;
124;
140;
122;
166;
178;
218;
136;
163;
169;
285;
132;
142;
197;
201;
119;
267;
219;
188;
219;
152;
219;
150;
170;
234;
167;
143;
193;
143;
205;
195;
205;
165;
214;
144;
118;
207;
257;
155;
154;
125;
181;
145;
227;
139;
149;
149;
156;
164;
166;
180;
258;
256;
124;
239;
207;
203;
139;
133;
143;
234;
201;
221;
137;
208;
154;
153;
159;
267;
158;
146;
216;
128;
164;
174;
125;
171;
175;
188;
144;
224;
223;
179;
205;
135;
147;
189;
159;
225;
196;
223;
152;
208;
144;
148;
174;
174;
176;
158;
127;
153;
195;
158;
208;
193;
189;
261;
138;
151;
258;
134;
139;
116;
193;
184;
170;
243;
248;
145;
194;
114;
194;
142;
137;
172;
141;
120;
144;
148;
224;
285;
164;
266;
139;
123;
214;
204;
181;
209;
122;
157;
145;
209;
191;
267;
240;
153;
150;
108;
192;
162;
187;
262;
241;
164;
181;
119;
205;
162;
132;
180;
151;
197;
223;
176;
156;
143;
190;
150;
118;
263;
116;
161;
131;
183;
143;
171;
182;
145;
143;
243;
127;
206;
116;
154;
107;
159;
162;
148;
195;
148;
187;
159;
223;
237;
185;
201;
188;
259;
165;
167;
135;
148;
227;
149;
243;
149;
113;
126;
241;
143;
241;
194;
248;
127;
155;
179;
248;
111;
220;
91;
159;
163;
249;
138;
266;
187;
195;
175;
140;
286;
143;
268;
253;
181;
117;
248;
149;
114;
207;
152;
274;
179;
136;
257;
233;
145;
148;
147;
224;
160;
226;
220;
158;
150;
187;
104;
148;
118;
127;
162;
124;
195;
157;
284;
193;
156;
162;
183;
158;
181;
160;
164;
135;
244;
116;
219;
113;
207;
146;
149;
161;
155;
228;
139;
148;
151;
244;
130;
269;
175;
223;
157;
132;
156;
196;
150;
165;
290;
245;
138;
158;
158;
133;
174;
137;
220;
122;
161;
202;
203;
213;
167;
196;
218;
162;
115;
141;
190;
211;
248;
155;
166;
171;
200;
206;
195;
206;
132;
185;
265;
163;
152;
264;
128;
215;
146;
156;
132;
194;
206;
194;
153;
160;
151;
145;
149;
133;
202;
153;
202;
185;
151;
183;
137;
123;
130;
216;
147;
168;
155;
230;
177;
186;
169;
231;
163;
172;
185;
246;
127;
139;
223;
170;
195;
137;
226;
199;
162;
177;
143;
145;
150;
158;
200;
128;
195;
154;
148;
259;
186;
221;
135;
184;
134;
213;
218;
172;
236;
156;
145;
233;
135;
161;
182;
135;
186;
215;
126;
222;
157;
119;
159;
154;
135;
224;
117;
130;
241;
217;
201;
206;
267;
151;
255;
177;
209;
166;
126;
166;
144;
186;
102;
201;
167;
199;
240;
170;
141;
138;
163;
189;
179;
162;
133;
119;
177;
200;
228;
169;
163;
206;
148;
147;
179;
200;
204;
200;
221;
214;
138;
142;
206;
214;
146;
175;
162;
147;
234;
164;
133;
154;
251;
167;
149;
158;
189;
126;
87;
152;
237;
167;
196;
184;
195;
101;
216;
157;
184;
257;
226;
183;
197;
209;
136;
229;
144;
160;
157;
220;
218;
123;
114;
171;
177;
203;
190;
207;
121;
132;
152;
152;
190;
216;
176;
162;
254;
197;
178;
151;
155;
182;
140;
147;
210;
188;
186;
213;
192;
153;
171;
209;
228;
168;
200;
256;
164;
185;
173;
150;
230;
195;
218;
210;
153;
146;
174;
177;
159;
144;
167;
144;
119;
137;
212;
182;
159;
192;
155;
164;
153;
191;
133;
158;
209;
192;
222;
115;
215;
164;
217;
149;
184;
212;
163;
170;
153;
157;
162;
175;
164;
216;
202;
187;
228;
169;
161;
200;
227;
126;
166;
197;
116;
147;
195;
128;
196;
123;
135;
170;
136;
197;
101;
174;
200;
125;
159;
133;
186;
176;
208;
154;
125;
266;
157;
229;
166;
128;
162;
151;
169;
228;
148;
143;
176;
120;
176;
141;
203;
181;
221;
230;
168;
160;
224;
147;
131;
154;
138;
140;
246;
189;
178;
130;
165;
172;
174;
209;
152;
193;
159;
188;
190;
144;
168;
143;
139;
197;
213;
124;
159;
208;
231;
150;
127;
132;
146;
226;
155;
171;
127;
207;
186;
161;
194;
175;
151;
204;
162;
148;
160;
222;
142;
175;
154;
161;
194;
119;
144;
132;
160;
163;
206;
194;
143;
223;
234;
189;
146;
156;
136;
195;
271;
267;
203;
156;
149;
189;
150;
178;
239;
134;
183;
220;
180;
131;
162;
160;
270;
97;
133;
191;
147;
153;
194;
202;
152;
196;
144;
162;
130;
145;
141;
221;
145;
111;
126;
241;
193;
148;
195;
118;
213;
146;
169;
169;
175;
174;
193;
150;
152;
229;
133;
169;
214;
221;
143;
125;
249;
223;
129;
254;
150;
224;
173;
176;
162;
146;
136;
208;
222;
130;
163;
160;
177;
170;
155;
142;
216;
139;
191;
123;
221;
197;
145;
151;
110;
193;
157;
202;
233;
146;
163;
207;
170;
210;
158;
254;
144;
184;
223;
206;
149;
111;
166;
204;
283;
183;
119;
257;
179;
134;
211;
265;
177;
202;
195;
290;
198;
153;
179;
207;
196;
123;
148;
134;
160;
182;
185;
201;
159;
172;
185;
243;
147;
103;
241;
152;
164;
159;
162;
166;
112;
244;
188;
133;
150;
176;
196;
154;
155;
202;
184;
225;
165;
143;
188;
150;
183;
266;
228;
151;
189;
271;
185;
132;
179;
202;
178;
134;
198;
178;
192;
206;
122;
208;
164;
200;
184;
240;
189;
204;
221;
192;
125;
166;
155;
246;
239;
124;
150;
194;
192;
230;
213;
123;
169;
132;
195;
264;
155;
189;
124;
152;
263;
114;
126;
101;
149;
150;
205;
220;
185;
123;
159;
184;
147;
180;
208;
156;
146;
162;
221;
177;
176;
154;
239;
129;
182;
245;
139;
143;
155;
138;
154;
214;
121;
219;
171;
165;
138;
208;
151;
182;
191;
133;
173;
184;
150;
153;
155;
188;
146;
148;
126;
209;
216;
140;
151;
266;
185;
126;
217;
290;
203;
124;
179;
158;
134;
281;
208;
126;
212;
195;
135;
188;
205;
95;
153;
205;
163;
200;
166;
160;
164;
138;
195;
210;
216;
214;
248;
140;
196;
163;
224;
156;
167;
197;
192;
143;
142;
134;
279;
281;
159;
269;
265;
184;
149;
168;
139;
199;
239;
150;
152;
149;
116;
158;
155;
212;
187;
289;
182;
172;
170;
134;
208;
206;
129;
174;
146;
211;
184;
206;
153;
140;
264;
129;
138;
129;
182;
159;
140;
195;
175;
197;
257;
157;
154;
219;
201;
184;
185;
185;
199;
130;
226;
233;
187;
156;
141;
196;
130;
180;
140;
184;
142;
206;
128;
171;
188;
210;
187;
156;
229;
246;
155;
190;
167;
263;
158;
199;
201;
243;
159;
216;
192;
164;
158;
154;
189;
145;
252;
162;
119;
162;
212;
144;
168;
182;
144;
137;
136;
181;
157;
134;
133;
120;
135;
157;
140;
157;
228;
142;
132;
212;
190;
172;
207;
152;
244;
208;
146;
199;
178;
247;
149;
135;
138;
169;
138;
225;
151;
140;
187;
174;
171;
197;
215;
152;
192;
200;
180;
218;
215;
138;
135;
151;
171;
169;
137;
184;
146;
132;
224;
148;
172;
188;
163;
150;
230;
197;
134;
139;
147;
140;
154;
248;
147;
150;
179;
219;
201;
241;
154;
188;
206;
159;
136;
151;
233;
214;
197;
167;
210;
178;
150;
258;
136;
201;
131;
216;
261;
126;
143;
150;
169;
143;
196;
167;
115;
200;
196;
148;
176;
144;
156;
187;
160;
121;
241;
143;
179;
156;
118;
150;
213;
163;
179;
138;
251;
217;
202;
202;
159;
133;
272;
261;
130;
146;
210;
123;
136;
149;
175;
145;
256;
101;
167;
139;
171;
109;
250;
217;
199;
128;
224;
188;
145;
203;
137;
133;
146;
145;
196;
218;
134;
153;
175;
230;
176;
217;
215;
141;
170;
158;
233;
214;
225;
136;
121;
232;
134;
146;
157;
186;
151;
196;
113;
205;
121;
144;
210;
156;
185;
141;
142;
190;
112;
255;
134;
147;
139;
191;
111;
200;
137;
197;
169;
203;
157;
208;
202;
156;
189;
182;
238;
150;
181;
220;
146;
142;
164;
241;
163;
231;
228;
147;
173;
275;
171;
107;
140;
147;
231;
181;
168;
228;
139;
131;
188;
122;
172;
168;
249;
184;
138;
244;
190;
247;
223;
217;
151;
229;
208;
153;
172;
203;
141;
142;
252;
179;
164;
230;
130;
197;
199;
247;
170;
172;
166;
211;
215;
141;
124;
179;
197;
129;
111;
174;
213;
188;
138;
183;
148;
211;
266;
141;
180;
188;
127;
253;
126;
180;
161;
132;
207;
175;
186;
155;
210;
102;
259;
142;
221;
217;
223;
180;
214;
144;
126;
164;
291;
264;
134;
189;
132;
162;
157;
196;
179;
108;
170;
199;
223;
120;
170;
138;
176;
191;
145;
137;
122;
129;
219;
135;
150;
133;
152;
127;
207;
139;
246;
144;
173;
122;
154;
131;
269;
151;
223;
164;
177;
208;
98;
210;
130;
106;
218;
128;
150;
213;
252;
213;
187;
183;
167;
129;
121;
147;
217;
146;
264;
172;
205;
204;
126;
151;
256;
249;
242;
160;
182;
145;
135;
139;
159;
168;
192;
216;
204;
232;
132;
186;
143;
124;
247;
253;
123;
135;
143;
253;
203;
157;
222;
236;
150;
188;
239;
168;
127;
160;
125;
150;
249;
194;
202;
233;
145;
171;
155;
140;
230;
164;
159;
191;
183;
158;
163;
159;
141;
196;
169;
210;
198;
181;
144;
167;
258;
141;
266;
239;
153;
150;
238;
149;
187;
213;
204;
142;
244;
149;
131;
157;
115;
161;
145;
139;
148;
128;
181;
115;
148;
217;
249;
202;
180;
142;
136;
163;
202;
158;
193;
172;
219;
159;
133;
136;
174;
122;
129;
203;
178;
139;
147;
165;
151;
125;
190;
229;
139;
135;
155;
206;
254;
186;
195;
144;
225;
174;
230;
248;
252;
208;
152;
171;
217;
230;
183;
203;
218;
224;
219;
227;
214;
174;
184;
135;
133;
186;
200;
127;
200;
207;
163;
132;
152;
186;
185;
139;
185;
241;
204;
159;
198;
152;
156;
188;
227;
152;
196;
140;
104;
137;
183;
177;
157;
137;
182;
165;
120;
150;
130;
191;
174;
156;
153;
160;
256;
142;
151;
183;
222;
186;
194;
172;
201;
171;
273;
192;
152;
229;
134;
191;
191;
232;
211;
124;
224;
168;
121;
132;
174;
131;
288;
136;
120;
204;
165;
203;
204;
111;
185;
136;
122;
162;
126;
196;
215;
128;
147;
236;
114;
145;
131;
205;
209;
183;
173;
201;
145;
189;
276;
191;
210;
271;
252;
125;
188;
219;
147;
208;
148;
156;
139;
215;
166;
149;
158;
166;
141;
138;
209;
219;
142;
136;
142;
142;
167;
156;
147;
136;
103;
279;
175;
119;
189;
120;
118;
185;
123;
125;
160;
173;
173;
123;
195;
156;
258;
135;
116;
221;
191;
154;
124;
229;
204;
187;
153;
141;
196;
148;
183;
180;
196;
204;
191;
246;
139;
137;
150;
186;
118;
120;
129;
182;
124;
144;
199;
196;
204;
279;
158;
252;
143;
226;
120;
155;
166;
222;
265;
211;
145;
163;
205;
151;
183;
164;
230;
239;
171;
240;
215;
145;
136;
108;
206;
157;
155;
187;
214;
129;
212;
246;
234;
167;
139;
117;
150;
107;
151;
189;
160;
205;
132;
161;
224;
197;
135;
144;
252;
160;
249;
158;
146;
116;
200;
192;
260;
200;
115;
115;
219;
180;
187;
174;
171;
228;
173;
183;
149;
150;
144;
142;
207;
195;
182;
196;
152;
173;
158;
111;
192;
152;
258;
195;
234;
245;
222;
146;
182;
163;
139;
189;
221;
242;
169;
165;
147;
161;
183;
208;
167;
127;
150;
218;
209;
128;
119;
121;
287;
169;
193;
151;
151;
138;
205;
262;
243;
184;
144;
204;
120;
225;
153;
139;
176;
137;
137;
212;
178;
188;
228;
111;
178;
287;
203;
212;
159;
230;
162;
192;
134;
184;
177;
204;
197;
212;
145;
187;
135;
144;
158;
219;
157;
121;
129;
128;
119;
193;
159;
161;
165;
195;
141;
208;
195;
185;
161;
217;
213;
249;
174;
161;
186;
140;
162;
220;
122;
238;
131;
198;
132;
145;
127;
161;
157;
196;
121;
150;
138;
137;
152;
150;
153;
146;
222;
147;
129;
165;
196;
138;
169;
219;
147;
142;
216;
187;
179;
199;
148;
203;
253;
159;
125;
226;
157;
141;
202;
139;
145;
214;
139;
152;
156;
153;
214;
165;
208;
206;
173;
185;
198;
112;
167;
166;
228;
199;
227;
180;
166;
199;
177;
191;
166;
151;
145;
146;
237;
211;
195;
224;
161;
142;
128;
135;
142;
169;
145;
242;
177;
221;
214;
292;
142;
210;
180;
140;
204;
206;
140;
208;
144;
147;
244;
113;
109;
168;
137;
174;
165;
180;
272;
207;
209;
150;
103;
205;
172;
152;
139;
110;
193;
204;
209;
127;
243;
146;
161;
195;
191;
222;
115;
228;
218;
188;
128;
246;
165;
126;
168;
198;
206;
136;
147;
217;
165;
151;
122;
206;
157;
165;
181;
246;
223;
233;
219;
170;
237;
194;
141;
160;
127;
145;
116;
149;
127;
194;
234;
191;
152;
156;
212;
179;
235;
154;
247;
280;
166;
140;
132;
119;
185;
221;
210;
177;
155;
156;
246;
141;
204;
155;
135;
121;
183;
234;
241;
143;
126;
160;
121;
122;
150;
213;
114;
129;
216;
139;
184;
212;
186;
238;
159;
137;
188;
118;
162;
174;
215;
205;
161;
154;
176;
137;
185;
193;
138;
135;
153;
199;
172;
173;
102;
267;
118;
137;
180;
142;
147;
204;
104;
149;
144;
197;
150;
202;
187;
157;
145;
186;
190;
147;
195;
210;
218;
156;
261;
219;
129;
149;
203;
195;
179;
188;
144;
131;
120;
144;
142;
162;
119;
234;
237;
143;
190;
143;
136;
137;
157;
123;
112;
162;
176;
116;
136;
140;
134;
250;
206;
188;
210;
149;
141;
158;
207;
197;
230;
155;
174;
244;
154;
232;
135;
118;
139;
165;
140;
192;
164;
132;
137;
159;
146;
168;
176;
136;
143;
197;
128;
96;
173;
202;
155;
136;
201;
230;
111;
160;
152;
197;
105;
203;
185;
167;
168;
208;
176;
100;
142;
218;
212;
212;
144;
138;
118;
248;
149;
199;
205;
109;
262;
159;
194;
158;
132;
153;
170;
136;
166;
163;
159;
179;
141;
211;
268;
270;
186;
181;
191;
138;
144;
121;
188;
135;
160;
171;
181;
206;
194;
148;
223;
164;
206;
150;
155;
187;
153;
222;
126;
143;
163;
161;
150;
222;
167;
136;
168;
192;
227;
241;
206;
174;
198;
214;
214;
151;
136;
171;
309;
124;
253;
156;
217;
265;
197;
118;
245;
268;
159;
154;
222;
133;
273;
236;
139;
222;
154;
166;
167;
137;
242;
181;
169;
112;
172;
199;
127;
129;
167;
207;
167;
217;
172;
233;
167;
184;
205;
152;
183;
172;
154;
136;
209;
130;
169;
206;
211;
203;
241;
168;
281;
152;
157;
164;
176;
142;
170;
161;
210;
248;
186;
225;
253;
123;
176;
127;
206;
203;
135;
220;
185;
169;
229;
217;
129;
117;
156;
195;
222;
159;
146;
127;
158;
164;
221;
188;
199;
190;
192;
118;
259;
169;
163;
278;
221;
186;
162;
175;
140;
142;
101;
264;
256;
211;
157;
173;
173;
187;
203;
120;
240;
208;
139;
187;
170;
202;
172;
210;
154;
222;
174;
128;
217;
231;
151;
136;
174;
164;
196;
175;
158;
131;
184;
150;
221;
188;
144;
227;
139;
181;
171;
129;
258;
137;
287;
232;
145;
148;
214;
211;
137;
229;
218;
225;
219;
224;
221;
199;
176;
117;
163;
118;
163;
157;
119;
208;
199;
162;
174;
158;
170;
181;
199;
187;
233;
133;
150;
168;
178;
156;
115;
206;
145;
205;
104;
215;
133;
150;
127;
118;
131;
246;
279;
139;
162;
143;
167;
193;
140;
184;
199;
176;
139;
268;
164;
166;
139;
213;
135;
271;
215;
151;
211;
119;
159;
299;
136;
171;
139;
180;
167;
168;
209;
162;
171;
212;
253;
114;
224;
216;
184;
171;
172;
181;
136;
176;
137;
184;
200;
206;
257;
182;
202;
196;
213;
184;
105;
179;
182;
155;
190;
169;
188;
172;
233;
127;
133;
144;
166;
134;
199;
130;
141;
200;
198;
145;
305;
171;
117;
151;
194;
205;
200;
197;
170;
154;
152;
135;
179;
124;
204;
184;
150;
152;
302;
118;
250;
175;
236;
119;
131;
153;
158;
188;
203;
166;
192;
241;
136;
174;
198;
221;
154;
199;
141;
185;
203;
213;
186;
200;
173;
220;
215;
207;
238;
183;
134;
154;
157;
163;
193;
116;
130;
150;
180;
184;
134;
212;
222;
267;
163;
156;
171;
209;
154;
211;
130;
150;
151;
179;
109;
169;
157;
215;
162;
185;
196;
169;
201;
168;
254;
158;
135;
287;
192;
150;
187;
224;
136;
134;
215;
142;
138;
136;
200;
202;
251;
179;
127;
176;
175;
161;
178;
223;
170;
158;
163;
146;
160;
150;
173;
170;
177;
202;
245;
227;
144;
172;
188;
196;
241;
205;
234;
196;
128;
214;
140;
137;
187;
222;
146;
184;
153;
171;
165;
133;
166;
156;
155;
141;
187;
134;
202;
181;
202;
196;
228;
142;
184;
127;
147;
200;
263;
128;
150;
181;
116;
145;
227;
150;
115;
251;
137;
224;
168;
170;
129;
125;
143;
140;
142;
209;
183;
136;
134;
152;
113;
158;
158;
199;
143;
139;
149;
158;
208;
172;
193;
211;
200;
174;
134;
140;
174;
240;
166;
217;
170;
210;
152;
254;
218;
158;
140;
173;
156;
168;
207;
294;
268;
258;
181;
131;
216;
246;
112;
271;
156;
242;
162;
179;
147;
129;
139;
166;
161;
138;
234;
251;
96;
222;
145;
157;
239;
125;
161;
137;
202;
192;
179;
231;
222;
194;
154;
170;
206;
159;
138;
160;
259;
179;
208;
192;
207;
166;
114;
280;
162;
145;
198;
218;
192;
169;
175;
126;
159;
232;
111;
124;
147;
231;
130;
198;
285;
189;
137;
252;
181;
149;
163;
183;
219;
147;
175;
182;
137;
136;
158;
193;
164;
185;
213;
160;
170;
151;
212;
130;
165;
135;
184;
158;
149;
186;
201;
180;
188;
137;
159;
143;
238;
166;
208;
118;
181;
199;
191;
138;
152;
233;
198;
158;
131;
174;
238;
138;
187;
162;
117;
187;
113;
116;
259;
176;
209;
184;
240;
144;
178;
121;
208;
177;
153;
139;
204;
92;
181;
142;
172;
179;
167;
168;
229;
140;
150;
98;
124;
128;
153;
132;
168;
149;
204;
215;
119;
164;
152;
148;
176;
129;
161;
165;
134;
197;
242;
201;
179;
251;
146;
189;
170;
131;
217;
210;
176;
175;
185;
164;
129;
154;
112;
181;
199;
194;
198;
128;
280;
99;
147;
156;
181;
222;
162;
251;
218;
215;
272;
222;
189;
124;
211;
132;
131;
214;
119;
242;
157;
232;
155;
145;
206;
252;
162;
236;
136;
176;
168;
256;
166;
131;
191;
126;
142;
160;
100;
145;
241;
197;
206;
218;
247;
194;
124;
128;
234;
244;
181;
142;
151;
113;
179;
150;
232;
150;
166;
174;
187;
138;
187;
134;
162;
164;
215;
144;
141;
196;
170;
159;
218;
183;
141;
139;
173;
213;
136;
145;
184;
257;
158;
185;
209;
123;
128;
112;
142;
184;
125;
159;
143;
206;
154;
131;
93;
144;
180;
141;
270;
136;
175;
229;
149;
119;
202;
150;
186;
162;
135;
220;
227;
169;
193;
101;
185;
206;
127;
146;
188;
143;
152;
131;
154;
220;
120;
166;
170;
170;
194;
230;
189;
186;
300;
144;
167;
136;
285;
139;
187;
151;
221;
138;
142;
139;
151;
132;
174;
198;
135;
146;
206;
193;
204;
210;
149;
179;
204;
133;
156;
160;
236;
210;
123;
217;
140;
144;
166;
256;
272;
190;
164;
173;
210;
185;
138;
173;
261;
170;
201;
150;
119;
123;
143;
201;
185;
198;
150;
138;
157;
181;
163;
207;
133;
137;
228;
189;
181;
143;
149;
147;
110;
143;
157;
203;
178;
241;
179;
171;
161;
143;
215;
184;
124;
138;
172;
145;
127;
245;
136;
206;
160;
145;
196;
166;
246;
235;
305;
213;
162;
216;
163;
149;
140;
166;
190;
166;
225;
170;
159;
157;
146;
260;
140;
222;
118;
223;
219;
181;
147;
129;
153;
128;
186;
132;
251;
239;
173;
177;
200;
119;
212;
205;
127;
233;
154;
169;
228;
202;
142;
123;
144;
119;
133;
172;
132;
194;
228;
217;
149;
194;
150;
195;
171;
213;
151;
150;
140;
241;
190;
138;
129;
114;
185;
167;
144;
228;
152;
180;
165;
199;
202;
211;
277;
243;
160;
208;
142;
235;
278;
181;
179;
213;
204;
221;
126;
150;
277;
149;
154;
185;
232;
151;
165;
124;
204;
211;
196;
125;
153;
149;
197;
166;
197;
164;
160;
167;
186;
126;
159;
188;
139;
129;
137;
141;
255;
145;
217;
170;
289;
124;
214;
163;
222;
174;
224;
119;
119;
118;
241;
145;
118;
176;
143;
209;
224;
182;
122;
315;
132;
225;
219;
191;
165;
239;
165;
183;
125;
272;
159;
220;
126;
135;
137;
156;
132;
157;
136;
175;
155;
151;
218;
233;
156;
226;
159;
224;
161;
218;
145;
153;
126;
188;
159;
187;
163;
136;
152;
139;
231;
185;
186;
210;
204;
188;
238;
130;
178;
183;
213;
207;
159;
210;
251;
201;
114;
215;
218;
213;
178;
108;
228;
154;
181;
133;
239;
178;
201;
222;
136;
192;
188;
212;
221;
137;
117;
147;
138;
218;
238;
152;
136;
244;
135;
235;
136;
173;
135;
142;
138;
133;
158;
182;
217;
175;
117;
164;
157;
144;
192;
179;
178;
209;
165;
214;
89;
141;
200;
139;
176;
141;
174;
201;
148;
206;
156;
168;
195;
199;
121;
225;
206;
248;
250;
204;
138;
242;
126;
135;
177;
211;
175;
145;
198;
141;
135;
185;
185;
205;
117;
126;
199;
137;
178;
146;
129;
165;
194;
287;
136;
150;
203;
219;
204;
223;
157;
170;
126;
257;
135;
196;
125;
196;
176;
239;
121;
140;
150;
162;
140;
218;
107;
164;
175;
155;
195;
158;
201;
126;
189;
196;
185;
210;
181;
186;
200;
155;
109;
260;
149;
95;
239;
123;
233;
208;
97;
158;
187;
160;
146;
139;
118;
142;
222;
200;
225;
193;
200;
141;
153;
166;
142;
160;
155;
154;
178;
206;
172;
168;
161;
294;
161;
193;
118;
190;
136;
125;
198;
169;
181;
251;
125;
119;
198;
144;
209;
165;
190;
145;
226;
158;
206;
190;
196;
123;
137;
219;
138;
214;
170;
155;
123;
159;
145;
169;
129;
221;
172;
155;
162;
175;
124;
210;
215;
190;
250;
225;
211;
122;
150;
237;
155;
228;
177;
159;
178;
187;
168;
198;
177;
192;
166;
142;
149;
164;
162;
127;
141;
160;
259;
215;
200;
149;
133;
137;
285;
181;
161;
230;
199;
228;
245;
157;
165;
184;
271;
151;
178;
105;
244;
159;
186;
187;
269;
156;
204;
171;
164;
148;
199;
177;
143;
149;
209;
201;
146;
209;
196;
145;
105;
196;
157;
163;
199;
195;
152;
188;
158;
153;
137;
161;
152;
173;
219;
129;
185;
172;
123;
124;
224;
214;
157;
172;
260;
155;
181;
153;
242;
121;
149;
204;
190;
233;
244;
216;
127;
163;
138;
168;
176;
124;
110;
158;
213;
135;
268;
121;
160;
249;
141;
248;
217;
150;
209;
127;
217;
109;
200;
144;
84;
157;
221;
185;
234;
260;
136;
287;
160;
221;
134;
205;
161;
205;
121;
150;
194;
242;
210;
163;
155;
204;
135;
144;
152;
103;
171;
216;
172;
174;
136;
129;
186;
138;
186;
186;
203;
168;
196;
177;
222;
214;
141;
154;
177;
211;
136;
170;
251;
159;
214;
231;
164;
236;
202;
138;
206;
199;
154;
106;
171;
165;
152;
121;
217;
259;
147;
119;
199;
144;
191;
143;
130;
162;
191;
139;
201;
221;
258;
187;
131;
144;
123;
121;
193;
158;
170;
203;
170;
123;
177;
208;
193;
211;
153;
278;
147;
163;
267;
190;
210;
176;
146;
121;
231;
192;
117;
230;
185;
138;
139;
235;
219;
127;
216;
152;
181;
145;
173;
141;
282;
115;
188;
152;
139;
163;
173;
131;
187;
152;
190;
274;
145;
138;
117;
146;
128;
208;
142;
174;
154;
176;
97;
138;
192;
129;
140;
204;
168;
217;
201;
126;
159;
182;
223;
145;
112;
245;
170;
149;
198;
192;
140;
225;
256;
213;
169;
161;
230;
220;
263;
119;
201;
217;
248;
204;
111;
170;
191;
187;
128;
128;
130;
143;
176;
124;
135;
121;
147;
226;
158;
139;
155;
197;
137;
164;
253;
160;
161;
280;
145;
206;
156;
114;
265;
186;
243;
209;
150;
212;
150;
162;
202;
142;
200;
204;
271;
118;
216;
164;
207;
165;
126;
153;
137;
242;
120;
163;
126;
158;
154;
193;
123;
117;
149;
139;
169;
173;
136;
152;
111;
175;
195;
130;
125;
163;
144;
155;
252;
155;
199;
218;
180;
172;
136;
142;
118;
144;
223;
152;
215;
127;
176;
223;
158;
210;
126;
141;
234;
170;
120;
146;
197;
122;
231;
154;
133;
196;
145;
152;
138;
201;
153;
137;
172;
222;
127;
157;
155;
136;
189;
182;
193;
124;
183;
156;
172;
200;
128;
176;
213;
144;
242;
208;
213;
193;
125;
184;
149;
228;
213;
103;
188;
152;
132;
224;
176;
167;
140;
138;
263;
114;
133;
130;
215;
234;
154;
215;
171;
146;
126;
235;
137;
234;
164;
168;
135;
165;
115;
254;
130;
192;
167;
155;
206;
155;
157;
153;
181;
169;
123;
236;
146;
248;
144;
149;
240;
147;
229;
128;
203;
230;
206;
220;
137;
163;
137;
182;
198;
159;
197;
160;
246;
213;
173;
157;
213;
177;
135;
178;
201;
266;
143;
132;
132;
147;
105;
146;
129;
155;
235;
203;
143;
225;
157;
142;
177;
163;
232;
150;
229;
216;
179;
189;
262;
146;
115;
105;
147;
141;
174;
194;
157;
149;
165;
224;
169;
158;
232;
197;
197;
117;
149;
191;
184;
155;
124;
172;
185;
177;
269;
141;
167;
185;
224;
160;
187;
191;
159;
206;
142;
136;
151;
163;
224;
140;
197;
131;
173;
144;
163;
140;
152;
143;
117;
147;
175;
143;
274;
261;
191;
155;
231;
153;
159;
195;
133;
232;
197;
154;
208;
264;
240;
197;
133;
192;
265;
193;
178;
160;
185;
159;
127;
152;
253;
205;
192;
119;
149;
201;
174;
221;
140;
163;
228;
212;
290;
217;
167;
204;
175;
222;
160;
190;
195;
186;
181;
235;
184;
143;
198;
148;
191;
97;
187;
273;
212;
195;
205;
211;
182;
159;
221;
178;
198;
121;
221;
193;
157;
144;
168;
141;
262;
130;
213;
163;
124;
146;
159;
131;
137;
208;
142;
135;
144;
104;
224;
185;
142;
198;
121;
212;
230;
256;
266;
222;
194;
159;
200;
135;
184;
196;
207;
195;
216;
86;
182;
150;
182;
217;
243;
134;
128;
159;
126;
131;
165;
208;
126;
227;
135;
144;
190;
159;
132;
183;
198;
128;
162;
139;
208;
141;
168;
157;
154;
130;
228;
144;
148;
143;
160;
198;
213;
227;
247;
183;
113;
128;
138;
238;
131;
242;
112;
148;
199;
160;
167;
203;
208;
134;
120;
151;
284;
225;
142;
136;
142;
97;
189;
129;
202;
169;
185;
156;
140;
126;
161;
141;
193;
190;
220;
177;
168;
138;
212;
125;
252;
260;
147;
162;
232;
190;
185;
137;
156;
172;
154;
205;
120;
147;
218;
231;
205;
211;
160;
275;
206;
228;
223;
151;
148;
202;
155;
252;
169;
149;
138;
209;
265;
183;
251;
276;
136;
223;
196;
215;
190;
142;
276;
126;
176;
123;
218;
114;
142;
207;
158;
245;
147;
234;
223;
174;
169;
192;
190;
103;
144;
200;
285;
156;
137;
172;
207;
165;
178;
236;
127;
210;
218;
167;
153;
175;
160;
140;
229;
211;
199;
145;
174;
129;
140;
215;
142;
139;
174;
202;
274;
137;
243;
212;
117;
175;
278;
154;
167;
181;
111;
230;
238;
122;
139;
173;
175;
151;
139;
219;
210;
221;
150;
149;
173;
199;
191;
145;
132;
199;
178;
151;
260;
171;
139;
131;
108;
128;
127;
195;
137;
183;
250;
171;
143;
140;
171;
141;
124;
192;
160;
222;
138;
242;
134;
162;
242;
268;
266;
176;
279;
212;
227;
131;
258;
203;
199;
134;
135;
210;
218;
288;
167;
101;
163;
254;
183;
133;
124;
201;
267;
177;
162;
206;
200;
200;
140;
129;
180;
130;
115;
255;
146;
174;
233;
151;
114;
159;
160;
132;
205;
270;
172;
178;
141;
218;
144;
193;
115;
122;
188;
152;
155;
187;
114;
147;
209;
173;
180;
155;
293;
204;
264;
248;
208;
162;
157;
237;
80;
143;
120;
159;
192;
121;
158;
159;
141;
166;
143;
181;
161;
204;
248;
110;
213;
225;
177;
170;
237;
159;
199;
244;
182;
148;
266;
263;
169;
140;
164;
105;
147;
128;
131;
177;
174;
137;
194;
118;
255;
218;
170;
172;
168;
148;
224;
148;
202;
133;
198;
95;
196;
156;
212;
118;
212;
201;
160;
187;
181;
223;
167;
169;
192;
164;
131;
198;
209;
205;
174;
159;
133;
152;
127;
160;
167;
138;
155;
139;
200;
277;
155;
156;
172;
157;
153;
240;
144;
171;
274;
197;
113;
183;
151;
143;
130;
136;
219;
164;
200;
203;
142;
137;
155;
263;
137;
218;
126;
187;
195;
139;
184;
176;
184;
142;
236;
183;
147;
212;
166;
197;
136;
218;
177;
125;
164;
176;
129;
190;
146;
242;
250;
218;
209;
192;
140;
125;
116;
111;
125;
144;
141;
143;
174;
206;
142;
137;
127;
192;
175;
131;
179;
125;
212;
168;
135;
271;
218;
136;
193;
197;
264;
149;
163;
182;
160;
180;
155;
222;
131;
145;
185;
140;
131;
174;
236;
154;
208;
153;
181;
147;
214;
229;
147;
233;
133;
155;
162;
201;
215;
175;
159;
161;
109;
149;
214;
108;
155;
200;
271;
165;
288;
178;
113;
158;
160;
170;
179;
139;
130;
179;
270;
146;
170;
157;
184;
238;
99;
211;
215;
152;
201;
133;
209;
219;
180;
166;
181;
191;
99;
215;
178;
176;
218;
127;
175;
184;
132;
192;
213;
146;
142;
179;
208;
160;
156;
201;
195;
133;
147;
257;
127;
163;
160;
162;
196;
172;
188;
166;
138;
177;
212;
197;
149;
177;
201;
206;
151;
205;
201;
230;
181;
143;
125;
169;
145;
175;
161;
188;
215;
172;
142;
170;
260;
117;
168;
272;
191;
115;
221;
143;
126;
181;
130;
174;
196;
215;
164;
278;
199;
243;
136;
141;
171;
138;
128;
135;
145;
163;
201;
200;
133;
135;
148;
160;
204;
113;
142;
217;
175;
154;
138;
133;
163;
133;
255;
113;
159;
269;
175;
180;
145;
140;
122;
141;
132;
177;
274;
285;
129;
241;
143;
157;
157;
133;
155;
205;
234;
140;
166;
224;
210;
235;
141;
213;
210;
195;
251;
161;
161;
138;
136;
157;
189;
152;
182;
225;
191;
199;
167;
128;
214;
158;
211;
241;
222;
176;
216;
124;
167;
245;
200;
184;
208;
213;
106;
157;
250;
143;
133;
145;
221;
205;
221;
166;
209;
212;
143;
207;
170;
102;
232;
145;
132;
221;
111;
153;
129;
202;
277;
173;
149;
221;
123;
163;
169;
195;
112;
167;
153;
177;
139;
147;
167;
110;
205;
156;
199;
224;
125;
203;
148;
133;
211;
116;
174;
212;
200;
273;
166;
155;
173;
149;
148;
157;
138;
161;
169;
117;
214;
148;
147;
210;
124;
108;
195;
150;
142;
146;
141;
190;
154;
259;
210;
119;
161;
161;
205;
151;
153;
210;
236;
245;
143;
205;
157;
187;
276;
259;
134;
175;
228;
212;
186;
194;
154;
219;
164;
166;
270;
134;
139;
156;
201;
188;
169;
178;
168;
266;
209;
174;
117;
175;
209;
115;
111;
190;
149;
150;
143;
112;
112;
167;
133;
164;
275;
183;
148;
191;
194;
168;
168;
203;
149;
227;
131;
188;
141;
157;
139;
202;
121;
219;
179;
276;
183;
208;
146;
210;
143;
206;
273;
202;
146;
227;
176;
162;
130;
131;
117;
159;
250;
132;
301;
196;
199;
137;
159;
124;
144;
175;
209;
146;
191;
190;
116;
149;
184;
168;
227;
197;
148;
186;
170;
150;
201;
149;
234;
170;
139;
205;
122;
117;
121;
134;
242;
171;
126;
178;
150;
118;
184;
274;
141;
103;
131;
114;
143;
132;
114;
123;
231;
198;
188;
142;
185;
173;
165;
207;
212;
114;
216;
144;
231;
177;
138;
180;
253;
191;
165;
120;
140;
164;
202;
162;
162;
214;
219;
138;
185;
97;
189;
167;
205;
120;
134;
194;
219;
228;
151;
180;
128;
169;
266;
213;
171;
180;
177;
102;
243;
237;
146;
288;
157;
259;
127;
125;
120;
97;
179;
144;
138;
163;
224;
141;
212;
230;
221;
129;
192;
289;
226;
210;
121;
194;
217;
121;
150;
201;
125;
264;
153;
268;
165;
220;
253;
102;
99;
196;
116;
158;
255;
205;
111;
235;
293;
106;
168;
198;
186;
110;
108;
205;
113;
143;
139;
153;
224;
176;
154;
149;
205;
178;
155;
109;
169;
81;
120;
154;
165;
252;
240;
131;
202;
167;
193;
131;
190;
198;
115;
121;
194;
199;
188;
131;
121;
181;
159;
131;
208;
226;
160;
121;
111;
151;
162;
186;
183;
146;
252;
136;
117;
126;
209;
198;
285;
147;
202;
110;
158;
189;
196;
130;
154;
230;
184;
215;
222;
198;
189;
185;
139;
149;
158;
143;
175;
147;
133;
235;
204;
222;
191;
120;
125;
134;
156;
177;
151;
164;
176;
154;
121;
244;
185;
176;
139;
110;
154;
267;
200;
182;
158;
174;
210;
230;
208;
148;
153;
150;
159;
142;
141;
172;
231;
208;
111;
138;
149;
243;
114;
138;
225;
168;
171;
170;
131;
155;
183;
266;
270;
135;
174;
157;
160;
127;
175;
193;
145;
208;
151;
154;
145;
147;
127;
223;
136;
170;
172;
175;
151;
126;
186;
249;
152;
151;
177;
155;
126;
134;
194;
188;
209;
230;
259;
275;
267;
220;
204;
188;
205;
250;
205;
248;
157;
198;
220;
191;
211;
204;
151;
195;
214;
117;
200;
137;
228;
210;
136;
152;
184;
234;
167;
172;
213;
131;
148;
204;
176;
153;
160;
175;
194;
206;
148;
144;
246;
138;
132;
157;
169;
251;
170;
198;
148;
162;
134;
243;
235;
208;
240;
257;
164;
170;
146;
210;
159;
158;
256;
142;
179;
250;
213;
117;
182;
153;
192;
187;
133;
131;
196;
190;
254;
134;
164;
180;
189;
117;
189;
196;
175;
156;
173;
122;
221;
241;
209;
199;
149;
242;
205;
151;
168;
189;
186;
188;
128;
180;
160;
200;
253;
218;
214;
260;
227;
205;
204;
135;
147;
136;
195;
186;
177;
181;
130;
203;
151;
259;
121;
210;
147;
155;
223;
168;
208;
148;
153;
117;
179;
135;
115;
150;
204;
216;
131;
253;
225;
165;
129;
151;
143;
147;
204;
192;
144;
191;
219;
142;
268;
230;
126;
127;
141;
152;
274;
186;
231;
168;
160;
150;
186;
206;
133;
171;
157;
206;
161;
186;
146;
201;
145;
168;
196;
234;
158;
200;
146;
131;
208;
141;
175;
240;
196;
143;
111;
153;
132;
141;
132;
155;
181;
199;
182;
191;
208;
197;
135;
154;
179;
137;
133;
168;
134;
118;
149;
130;
148;
193;
177;
131;
231;
180;
111;
189;
287;
194;
195;
118;
182;
122;
136;
158;
134;
169;
143;
213;
254;
161;
157;
237;
242;
234;
119;
151;
166;
189;
214;
135;
288;
169;
149;
128;
159;
275;
152;
172;
223;
246;
148;
239;
152;
184;
212;
147;
151;
231;
189;
227;
150;
122;
211;
227;
206;
131;
185;
286;
145;
136;
132;
110;
171;
241;
140;
166;
147;
202;
200;
137;
132;
186;
128;
141;
137;
191;
246;
152;
201;
165;
184;
206;
228;
197;
125;
269;
187;
245;
147;
208;
98;
153;
130;
173;
180;
207;
175;
167;
160;
138;
174;
185;
133;
121;
172;
201;
203;
84;
132;
168;
153;
136;
193;
161;
212;
177;
119;
225;
214;
206;
149;
246;
121;
139;
199;
206;
131;
186;
176;
226;
140;
178;
170;
211;
149;
217;
234;
211;
241;
129;
209;
219;
155;
142;
118;
150;
175;
180;
163;
300;
146;
173;
136;
143;
113;
133;
139;
147;
144;
181;
233;
139;
136;
142;
158;
154;
226;
129;
217;
192;
136;
182;
294;
119;
167;
198;
167;
240;
204;
218;
179;
163;
230;
119;
224;
121;
185;
177;
162;
128;
114;
188;
216;
192;
254;
214;
143;
143;
223;
176;
190;
146;
141;
208;
183;
212;
211;
174;
123;
153;
196;
197;
215;
195;
159;
245;
171;
103;
162;
115;
128;
155;
173;
148;
184;
274;
143;
232;
151;
164;
142;
247;
225;
130;
125;
207;
235;
145;
142;
219;
272;
150;
126;
145;
122;
172;
230;
157;
146;
161;
236;
222;
265;
152;
123;
167;
203;
153;
132;
193;
224;
145;
176;
167;
208;
192;
180;
160;
129;
131;
181;
215;
168;
142;
125;
179;
172;
155;
190;
200;
234;
228;
187;
139;
114;
228;
123;
122;
245;
203;
226;
203;
174;
155;
223;
191;
169;
167;
175;
221;
254;
139;
140;
145;
135;
228;
214;
128;
171;
161;
129;
130;
163;
161;
297;
121;
208;
157;
213;
139;
114;
124;
178;
139;
283;
116;
166;
158;
173;
134;
230;
178;
138;
122;
152;
143;
155;
183;
252;
201;
158;
125;
246;
228;
142;
149;
155;
169;
144;
170;
161;
118;
202;
142;
190;
251;
123;
138;
179;
202;
286;
203;
221;
225;
195;
173;
134;
236;
156;
155;
168;
154;
161;
231;
174;
132;
151;
213;
188;
135;
214;
140;
164;
213;
221;
126;
181;
248;
162;
173;
135;
144;
234;
154;
146;
191;
232;
116;
177;
139;
164;
133;
277;
128;
247;
153;
201;
133;
151;
143;
195;
108;
245;
205;
290;
166;
133;
214;
151;
132;
128;
232;
214;
174;
135;
188;
114;
181;
176;
188;
137;
111;
155;
150;
233;
135;
211;
155;
213;
156;
160;
213;
168;
145;
202;
108;
192;
207;
139;
227;
146;
168;
192;
175;
241;
215;
200;
180;
225;
170;
196;
241;
177;
212;
138;
143;
265;
212;
150;
142;
199;
141;
173;
123;
130;
129;
221;
148;
170;
146;
184;
264;
152;
166;
211;
121;
179;
190;
147;
224;
163;
139;
178;
127;
225;
152;
156;
198;
128;
126;
139;
177;
144;
135;
243;
180;
165;
164;
163;
126;
103;
105;
196;
199;
167;
157;
218;
155;
132;
122;
163;
109;
151;
262;
135;
134;
159;
258;
152;
181;
220;
209;
212;
166;
216;
145;
190;
253;
222;
135;
132;
215;
171;
245;
180;
186;
164;
140;
168;
108;
230;
189;
152;
192;
164;
176;
209;
115;
243;
142;
220;
139;
193;
182;
167;
240;
157;
283;
141;
183;
147;
170;
114;
207;
185;
200;
138;
278;
134;
211;
129;
256;
161;
236;
195;

