139;
171;
234;
157;
209;
151;
214;
140;
210;
85;
227;
201;
194;
167;
125;
153;
180;
127;
181;
225;
258;
173;
134;
223;
160;
176;
217;
231;
186;
160;
215;
203;
157;
143;
292;
167;
150;
159;
232;
224;
226;
103;
193;
205;
114;
191;
179;
121;
222;
135;
146;
200;
176;
262;
247;
193;
232;
230;
156;
191;
171;
299;
225;
147;
233;
145;
221;
192;
290;
181;
210;
217;
184;
151;
208;
141;
205;
253;
111;
215;
139;
191;
155;
163;
161;
164;
150;
146;
143;
226;
213;
201;
156;
225;
262;
197;
143;
155;
135;
206;
256;
208;
195;
173;
205;
256;
276;
202;
134;
160;
216;
221;
154;
160;
252;
154;
155;
140;
209;
204;
185;
281;
223;
239;
211;
235;
214;
248;
220;
129;
149;
130;
218;
162;
185;
207;
218;
157;
289;
151;
141;
192;
223;
219;
165;
124;
171;
143;
196;
151;
164;
229;
297;
253;
124;
147;
131;
211;
154;
207;
161;
258;
176;
166;
288;
143;
163;
158;
147;
179;
223;
131;
266;
166;
146;
187;
138;
290;
215;
234;
260;
157;
237;
224;
140;
182;
168;
174;
213;
239;
173;
161;
156;
195;
135;
160;
190;
169;
202;
173;
289;
127;
143;
154;
148;
139;
180;
213;
209;
161;
219;
261;
205;
220;
163;
187;
147;
170;
275;
158;
200;
202;
186;
202;
157;
242;
153;
233;
163;
188;
180;
127;
184;
189;
253;
179;
283;
236;
213;
186;
150;
208;
135;
155;
191;
203;
214;
193;
181;
233;
231;
252;
159;
169;
162;
138;
173;
189;
152;
131;
165;
190;
130;
130;
145;
242;
140;
235;
268;
151;
154;
125;
180;
239;
139;
244;
193;
162;
270;
203;
265;
186;
131;
131;
157;
199;
159;
150;
180;
144;
157;
153;
136;
210;
141;
151;
253;
197;
149;
160;
160;
124;
207;
201;
191;
291;
223;
231;
146;
182;
260;
224;
229;
176;
204;
297;
223;
142;
138;
170;
212;
215;
163;
151;
159;
216;
162;
227;
159;
219;
124;
160;
150;
207;
126;
175;
160;
225;
199;
268;
267;
158;
127;
211;
212;
259;
204;
222;
275;
161;
138;
198;
167;
142;
265;
213;
215;
168;
214;
167;
159;
180;
143;
231;
214;
169;
228;
179;
204;
142;
136;
232;
151;
141;
185;
149;
155;
222;
236;
178;
134;
176;
126;
173;
193;
274;
202;
175;
222;
205;
189;
180;
141;
261;
219;
185;
253;
139;
169;
139;
271;
165;
190;
225;
229;
160;
244;
151;
214;
140;
205;
127;
207;
208;
177;
172;
152;
160;
121;
180;
194;
149;
154;
134;
154;
220;
254;
220;
136;
262;
144;
183;
195;
253;
263;
198;
142;
165;
269;
211;
145;
216;
181;
216;
177;
196;
280;
155;
208;
166;
206;
168;
282;
262;
187;
190;
194;
195;
154;
216;
175;
203;
153;
217;
133;
250;
146;
151;
211;
184;
221;
167;
164;
176;
181;
277;
206;
231;
198;
180;
182;
198;
133;
189;
141;
202;
239;
195;
170;
122;
181;
142;
178;
142;
150;
266;
174;
207;
208;
177;
221;
196;
148;
118;
207;
185;
144;
182;
183;
217;
165;
270;
189;
213;
225;
238;
203;
269;
160;
147;
244;
99;
177;
195;
206;
143;
200;
149;
163;
193;
288;
184;
188;
143;
108;
243;
153;
145;
282;
160;
216;
209;
177;
206;
157;
191;
137;
156;
126;
145;
130;
210;
129;
131;
140;
121;
192;
212;
190;
190;
169;
234;
204;
260;
166;
206;
208;
209;
158;
170;
207;
223;
213;
132;
161;
189;
165;
182;
161;
225;
198;
192;
151;
174;
142;
168;
180;
145;
220;
234;
177;
209;
169;
242;
237;
223;
209;
222;
208;
156;
260;
141;
176;
205;
152;
206;
214;
132;
246;
267;
175;
153;
271;
246;
214;
159;
286;
159;
233;
157;
162;
243;
139;
204;
140;
145;
137;
134;
189;
207;
147;
275;
206;
125;
318;
225;
213;
147;
136;
133;
149;
205;
118;
173;
191;
182;
275;
195;
236;
195;
168;
177;
248;
213;
233;
143;
265;
176;
174;
180;
203;
131;
165;
194;
203;
238;
226;
258;
216;
291;
251;
165;
202;
131;
291;
269;
266;
271;
133;
148;
240;
180;
220;
155;
200;
177;
129;
174;
156;
213;
168;
129;
178;
159;
195;
155;
163;
251;
167;
165;
209;
204;
212;
198;
156;
196;
279;
145;
225;
142;
233;
176;
147;
201;
272;
204;
170;
158;
136;
125;
240;
165;
186;
172;
194;
122;
259;
116;
154;
205;
226;
200;
188;
171;
147;
160;
197;
216;
225;
238;
229;
145;
265;
151;
224;
159;
163;
213;
258;
195;
200;
150;
170;
171;
275;
311;
206;
203;
160;
151;
140;
154;
201;
154;
224;
288;
147;
150;
100;
179;
195;
124;
203;
172;
273;
164;
150;
158;
275;
153;
200;
264;
156;
161;
220;
175;
149;
218;
177;
168;
176;
179;
170;
213;
193;
176;
128;
219;
190;
279;
144;
199;
204;
153;
187;
148;
165;
154;
245;
181;
196;
200;
243;
169;
267;
164;
231;
148;
256;
154;
136;
186;
264;
206;
168;
207;
166;
235;
89;
182;
203;
233;
212;
213;
140;
140;
147;
205;
256;
213;
290;
208;
161;
181;
189;
228;
154;
144;
185;
156;
168;
162;
189;
130;
201;
208;
269;
175;
235;
184;
201;
126;
167;
154;
156;
178;
238;
139;
207;
154;
181;
122;
214;
199;
218;
265;
199;
257;
239;
164;
128;
155;
216;
199;
163;
196;
163;
160;
227;
202;
231;
191;
146;
197;
125;
219;
233;
219;
299;
138;
140;
172;
125;
131;
181;
217;
140;
199;
226;
150;
167;
146;
164;
150;
197;
207;
234;
213;
186;
200;
215;
214;
149;
148;
120;
234;
169;
123;
150;
260;
223;
259;
173;
167;
149;
129;
185;
265;
279;
167;
198;
169;
184;
173;
168;
250;
149;
195;
234;
273;
138;
141;
143;
155;
244;
200;
260;
147;
229;
135;
141;
232;
257;
165;
204;
148;
144;
163;
158;
255;
133;
154;
162;
215;
210;
200;
196;
250;
278;
282;
225;
145;
138;
163;
203;
232;
260;
157;
245;
129;
121;
194;
274;
120;
122;
159;
149;
130;
271;
157;
145;
154;
226;
249;
142;
217;
199;
263;
189;
219;
183;
214;
294;
164;
140;
189;
190;
255;
123;
147;
175;
160;
216;
151;
178;
156;
209;
140;
158;
261;
197;
133;
126;
239;
161;
238;
204;
290;
205;
195;
259;
208;
266;
201;
218;
219;
192;
212;
131;
147;
215;
145;
191;
224;
230;
283;
132;
217;
148;
198;
130;
173;
196;
147;
144;
239;
217;
281;
215;
274;
150;
169;
166;
272;
224;
124;
222;
137;
195;
160;
167;
123;
143;
155;
227;
167;
189;
202;
242;
176;
229;
142;
157;
170;
164;
160;
161;
122;
280;
132;
180;
204;
168;
211;
154;
149;
201;
190;
147;
226;
233;
246;
137;
187;
155;
143;
136;
133;
217;
235;
205;
147;
219;
212;
142;
219;
217;
226;
180;
164;
131;
180;
227;
204;
223;
165;
144;
158;
202;
105;
143;
156;
166;
143;
162;
198;
219;
200;
152;
207;
144;
148;
176;
292;
193;
254;
208;
211;
141;
140;
131;
175;
175;
159;
273;
214;
150;
216;
134;
125;
112;
173;
174;
203;
149;
150;
199;
154;
143;
233;
246;
222;
156;
123;
170;
199;
148;
204;
171;
215;
150;
180;
151;
176;
158;
180;
146;
142;
211;
167;
202;
278;
184;
201;
283;
176;
285;
112;
234;
165;
260;
198;
168;
198;
198;
266;
139;
102;
159;
234;
220;
171;
153;
224;
115;
195;
157;
167;
196;
254;
244;
250;
204;
257;
219;
130;
149;
249;
229;
189;
143;
243;
288;
129;
203;
203;
146;
255;
185;
150;
230;
262;
214;
156;
171;
220;
206;
285;
218;
180;
235;
126;
215;
117;
224;
213;
131;
204;
207;
152;
136;
188;
229;
230;
145;
218;
214;
206;
163;
307;
199;
209;
154;
150;
138;
152;
174;
176;
262;
165;
154;
174;
163;
193;
191;
191;
136;
220;
171;
139;
177;
92;
215;
233;
282;
214;
167;
148;
141;
193;
168;
148;
154;
180;
132;
262;
141;
205;
141;
169;
154;
223;
229;
261;
200;
229;
239;
226;
150;
207;
144;
192;
193;
277;
163;
180;
137;
211;
152;
202;
148;
149;
148;
189;
260;
248;
130;
175;
195;
152;
172;
132;
207;
125;
184;
202;
195;
168;
157;
243;
264;
210;
155;
158;
225;
230;
136;
169;
225;
141;
215;
215;
183;
189;
182;
136;
250;
220;
170;
225;
220;
146;
252;
132;
290;
166;
183;
188;
147;
202;
209;
140;
150;
149;
180;
202;
173;
213;
168;
171;
259;
165;
162;
138;
173;
222;
135;
219;
220;
234;
168;
194;
191;
107;
264;
135;
175;
217;
192;
162;
133;
224;
117;
195;
147;
131;
139;
172;
212;
176;
218;
171;
141;
149;
291;
195;
245;
232;
228;
259;
233;
150;
226;
225;
168;
212;
193;
272;
190;
149;
187;
244;
182;
247;
231;
256;
156;
158;
123;
153;
275;
179;
154;
219;
164;
259;
156;
222;
122;
210;
151;
170;
171;
214;
170;
108;
180;
223;
232;
259;
228;
258;
198;
135;
153;
236;
155;
255;
256;
260;
215;
183;
116;
185;
198;
274;
141;
140;
142;
213;
231;
212;
241;
235;
203;
165;
157;
182;
164;
177;
198;
210;
187;
279;
260;
123;
186;
221;
158;
170;
196;
278;
243;
141;
252;
199;
150;
213;
213;
155;
227;
108;
211;
161;
156;
233;
180;
162;
146;
185;
216;
276;
229;
114;
186;
267;
159;
109;
217;
227;
279;
204;
135;
262;
147;
139;
168;
157;
253;
117;
230;
219;
262;
227;
165;
147;
219;
169;
240;
272;
218;
207;
118;
193;
202;
195;
190;
230;
140;
246;
171;
177;
231;
253;
159;
184;
233;
205;
156;
138;
150;
171;
292;
198;
161;
143;
169;
132;
241;
96;
178;
159;
177;
116;
269;
204;
134;
162;
217;
148;
304;
155;
186;
210;
137;
173;
176;
177;
172;
154;
235;
153;
227;
203;
231;
156;
196;
241;
233;
184;
167;
128;
176;
198;
182;
228;
200;
150;
217;
244;
212;
204;
208;
184;
193;
300;
192;
192;
236;
174;
184;
196;
212;
208;
216;
160;
193;
250;
145;
207;
202;
218;
260;
159;
201;
125;
188;
223;
182;
204;
180;
138;
200;
131;
158;
214;
171;
171;
155;
189;
243;
283;
188;
165;
242;
124;
236;
265;
189;
185;
186;
180;
224;
146;
230;
177;
227;
199;
165;
150;
203;
194;
247;
145;
231;
225;
201;
215;
135;
178;
249;
134;
218;
206;
205;
260;
147;
139;
181;
154;
251;
140;
252;
145;
215;
199;
229;
230;
208;
188;
238;
220;
193;
142;
186;
133;
254;
256;
209;
210;
248;
129;
116;
150;
236;
198;
186;
265;
136;
228;
183;
180;
162;
195;
166;
175;
266;
261;
178;
270;
183;
191;
200;
216;
137;
182;
198;
130;
187;
147;
148;
153;
155;
153;
175;
211;
194;
275;
213;
226;
166;
208;
188;
176;
207;
191;
274;
236;
158;
120;
242;
268;
234;
280;
185;
176;
192;
176;
139;
215;
142;
137;
196;
182;
167;
220;
231;
230;
177;
139;
173;
135;
226;
224;
270;
160;
204;
148;
146;
154;
118;
153;
274;
169;
184;
120;
178;
175;
259;
191;
255;
177;
153;
188;
148;
150;
173;
194;
208;
162;
160;
226;
259;
217;
206;
137;
152;
226;
216;
118;
129;
150;
181;
181;
135;
142;
204;
166;
224;
289;
185;
252;
173;
204;
273;
184;
190;
128;
186;
312;
268;
156;
155;
239;
231;
227;
247;
256;
231;
225;
169;
239;
158;
193;
156;
209;
152;
167;
146;
140;
159;
149;
218;
142;
161;
165;
271;
134;
134;
133;
230;
185;
157;
167;
182;
233;
250;
216;
188;
318;
256;
221;
252;
207;
116;
253;
218;
150;
211;
261;
167;
229;
165;
284;
244;
182;
137;
263;
138;
275;
205;
144;
143;
264;
141;
242;
154;
230;
123;
262;
149;
272;
188;
167;
218;
87;
165;
133;
152;
202;
124;
212;
218;
227;
131;
137;
144;
180;
123;
244;
236;
193;
223;
209;
142;
202;
186;
215;
217;
246;
277;
218;
201;
126;
197;
174;
117;
211;
170;
215;
128;
108;
143;
194;
214;
191;
162;
182;
199;
236;
156;
146;
199;
146;
164;
288;
286;
155;
166;
219;
136;
225;
206;
232;
192;
202;
192;
138;
138;
147;
175;
219;
144;
159;
225;
146;
137;
257;
196;
204;
190;
150;
130;
174;
142;
201;
177;
241;
161;
192;
225;
165;
114;
166;
167;
191;
191;
197;
217;
131;
206;
123;
204;
127;
191;
183;
198;
165;
192;
223;
175;
177;
204;
156;
231;
207;
176;
122;
165;
143;
155;
223;
225;
212;
212;
124;
165;
271;
213;
195;
156;
176;
250;
263;
215;
222;
192;
146;
259;
191;
192;
156;
216;
148;
203;
228;
161;
161;
234;
204;
225;
221;
155;
145;
186;
221;
197;
159;
196;
258;
241;
206;
143;
128;
140;
154;
234;
165;
260;
275;
130;
218;
157;
305;
268;
153;
148;
233;
243;
147;
179;
129;
148;
194;
140;
178;
247;
161;
184;
152;
150;
193;
166;
154;
197;
201;
208;
276;
221;
174;
261;
165;
226;
118;
147;
172;
265;
229;
233;
205;
166;
246;
145;
123;
205;
96;
200;
140;
179;
198;
210;
180;
267;
146;
154;
177;
161;
222;
170;
157;
179;
143;
146;
203;
207;
232;
249;
161;
128;
139;
173;
169;
250;
238;
154;
212;
154;
158;
215;
225;
223;
144;
160;
157;
209;
223;
154;
256;
207;
151;
151;
154;
160;
210;
216;
155;
177;
194;
200;
264;
157;
176;
211;
189;
208;
163;
284;
153;
189;
169;
153;
180;
217;
166;
165;
189;
127;
217;
221;
173;
163;
213;
256;
150;
248;
198;
203;
236;
227;
204;
198;
144;
148;
242;
138;
292;
201;
184;
194;
189;
164;
169;
189;
161;
186;
169;
217;
206;
210;
141;
188;
166;
216;
178;
177;
160;
260;
209;
167;
219;
167;
165;
174;
223;
150;
124;
181;
150;
132;
198;
213;
217;
255;
210;
135;
205;
183;
180;
260;
149;
138;
162;
139;
149;
229;
139;
220;
130;
219;
263;
124;
228;
188;
264;
254;
126;
214;
141;
154;
275;
175;
210;
209;
140;
153;
156;
219;
186;
195;
181;
207;
193;
213;
163;
271;
204;
168;
275;
141;
168;
214;
216;
286;
127;
237;
225;
145;
247;
232;
166;
172;
204;
209;
203;
212;
296;
238;
129;
207;
152;
203;
208;
158;
251;
168;
161;
146;
143;
241;
198;
226;
189;
205;
189;
198;
181;
163;
185;
195;
199;
171;
179;
204;
153;
167;
274;
125;
205;
154;
227;
169;
138;
94;
209;
201;
140;
265;
178;
160;
202;
277;
201;
228;
197;
177;
208;
162;
191;
169;
177;
187;
114;
255;
219;
215;
174;
143;
224;
188;
232;
207;
217;
233;
169;
202;
246;
130;
177;
221;
142;
157;
220;
154;
301;
157;
196;
119;
126;
243;
190;
186;
284;
217;
233;
253;
168;
201;
130;
140;
185;
195;
170;
245;
149;
170;
231;
133;
246;
142;
210;
158;
187;
187;
218;
186;
153;
147;
199;
223;
127;
166;
182;
154;
194;
257;
173;
155;
109;
155;
147;
173;
161;
195;
271;
160;
176;
193;
253;
174;
154;
188;
136;
199;
217;
141;
173;
137;
197;
209;
242;
209;
125;
186;
176;
239;
138;
199;
155;
240;
237;
126;
137;
189;
130;
194;
206;
172;
280;
145;
158;
166;
171;
147;
153;
242;
146;
152;
208;
171;
229;
227;
132;
190;
233;
129;
189;
195;
198;
211;
196;
205;
153;
187;
204;
203;
200;
130;
275;
133;
177;
146;
132;
203;
152;
212;
250;
229;
255;
252;
128;
201;
273;
251;
226;
231;
171;
160;
155;
187;
149;
130;
221;
244;
230;
205;
194;
144;
213;
241;
265;
135;
214;
173;
109;
147;
167;
150;
194;
211;
163;
140;
243;
224;
155;
198;
169;
238;
196;
161;
276;
206;
244;
218;
272;
207;
126;
266;
153;
259;
160;
147;
257;
182;
234;
204;
118;
133;
203;
288;
161;
229;
153;
155;
272;
135;
142;
173;
144;
154;
231;
227;
294;
189;
140;
195;
213;
281;
175;
171;
199;
196;
140;
181;
192;
196;
168;
259;
128;
162;
232;
192;
182;
235;
221;
186;
266;
117;
163;
214;
142;
231;
157;
269;
267;
177;
219;
174;
183;
162;
251;
225;
141;
186;
145;
142;
208;
178;
209;
177;
149;
204;
249;
284;
212;
253;
158;
129;
155;
230;
152;
149;
184;
203;
232;
180;
144;
260;
135;
221;
153;
143;
151;
262;
135;
193;
202;
181;
179;
198;
168;
148;
215;
143;
169;
263;
162;
142;
161;
184;
219;
162;
199;
274;
133;
186;
149;
172;
188;
202;
255;
226;
241;
144;
154;
157;
230;
259;
200;
184;
226;
241;
215;
190;
145;
208;
176;
218;
266;
124;
229;
206;
132;
217;
187;
202;
199;
137;
208;
173;
189;
151;
278;
144;
249;
253;
292;
219;
126;
205;
162;
172;
204;
154;
213;
154;
176;
160;
170;
174;
150;
260;
159;
113;
216;
150;
157;
139;
186;
179;
187;
222;
205;
201;
302;
199;
192;
151;
107;
163;
252;
203;
159;
168;
156;
189;
210;
224;
242;
153;
191;
247;
290;
217;
214;
175;
144;
207;
187;
153;
146;
140;
179;
257;
180;
123;
140;
210;
182;
151;
220;
198;
276;
252;
190;
198;
225;
203;
194;
138;
189;
136;
144;
132;
181;
105;
167;
252;
207;
207;
231;
207;
134;
151;
168;
179;
215;
254;
119;
238;
137;
216;
149;
184;
240;
144;
212;
213;
157;
145;
225;
194;
261;
179;
154;
263;
151;
152;
163;
163;
280;
213;
194;
114;
157;
146;
266;
120;
218;
206;
97;
200;
166;
194;
182;
228;
207;
267;
246;
170;
180;
181;
130;
133;
174;
155;
229;
170;
196;
226;
144;
172;
157;
198;
193;
241;
232;
176;
176;
191;
135;
136;
161;
164;
174;
177;
228;
159;
263;
136;
208;
192;
140;
224;
197;
205;
219;
189;
211;
151;
154;
230;
288;
134;
200;
146;
211;
209;
202;
150;
176;
168;
212;
158;
177;
197;
207;
209;
175;
197;
154;
180;
156;
263;
192;
171;
178;
147;
157;
136;
186;
203;
230;
216;
132;
223;
135;
191;
185;
159;
142;
143;
141;
163;
288;
157;
189;
171;
172;
233;
139;
156;
116;
132;
129;
257;
199;
221;
180;
206;
206;
225;
205;
189;
181;
245;
249;
208;
146;
246;
181;
211;
142;
197;
144;
221;
146;
171;
139;
212;
198;
274;
177;
199;
152;
253;
131;
219;
125;
163;
252;
135;
160;
286;
125;
160;
149;
142;
206;
166;
163;
216;
162;
150;
257;
242;
121;
144;
190;
210;
271;
149;
174;
231;
132;
210;
210;
137;
142;
272;
157;
240;
214;
172;
212;
260;
243;
198;
193;
231;
224;
163;
200;
266;
209;
177;
150;
258;
198;
173;
172;
189;
211;
168;
202;
157;
273;
166;
175;
114;
255;
178;
210;
159;
210;
157;
158;
163;
162;
242;
213;
146;
159;
235;
210;
187;
215;
247;
164;
190;
135;
214;
134;
222;
142;
173;
178;
277;
202;
164;
157;
271;
221;
143;
127;
201;
192;
201;
224;
184;
143;
213;
156;
186;
203;
166;
153;
224;
231;
232;
161;
140;
140;
225;
217;
132;
215;
150;
259;
185;
228;
157;
248;
208;
155;
144;
128;
214;
189;
233;
245;
151;
204;
246;
266;
198;
163;
147;
178;
138;
240;
163;
129;
272;
148;
161;
183;
248;
241;
146;
171;
137;
242;
187;
219;
211;
158;
225;
191;
209;
153;
195;
216;
230;
199;
218;
193;
186;
129;
257;
146;
189;
191;
179;
284;
174;
202;
217;
147;
208;
193;
261;
191;
250;
146;
203;
230;
251;
214;
208;
189;
216;
199;
240;
144;
185;
136;
291;
141;
142;
144;
136;
204;
167;
212;
221;
202;
186;
224;
219;
186;
258;
156;
199;
150;
176;
156;
134;
230;
188;
160;
217;
195;
168;
176;
163;
148;
120;
202;
209;
140;
152;
136;
284;
208;
197;
131;
120;
283;
231;
150;
198;
167;
212;
221;
150;
193;
199;
237;
161;
188;
204;
236;
155;
264;
190;
143;
223;
250;
188;
137;
221;
177;
179;
120;
128;
213;
219;
207;
224;
187;
156;
150;
174;
150;
183;
234;
163;
229;
192;
198;
263;
159;
274;
176;
253;
170;
132;
145;
219;
198;
199;
241;
221;
159;
256;
151;
151;
214;
199;
170;
205;
182;
180;
230;
125;
167;
134;
138;
232;
271;
228;
241;
154;
199;
120;
162;
191;
272;
194;
135;
189;
194;
183;
222;
163;
199;
196;
123;
228;
177;
190;
134;
168;
219;
223;
212;
155;
171;
261;
124;
127;
183;
177;
163;
173;
148;
134;
193;
161;
210;
165;
177;
210;
215;
177;
168;
177;
272;
220;
136;
143;
170;
160;
130;
282;
145;
227;
189;
162;
241;
200;
199;
177;
202;
232;
234;
278;
187;
213;
182;
185;
203;
213;
133;
239;
172;
140;
214;
172;
132;
138;
188;
167;
156;
196;
189;
137;
186;
233;
215;
227;
146;
164;
153;
256;
184;
154;
137;
186;
188;
150;
216;
133;
311;
152;
203;
206;
185;
143;
176;
214;
162;
141;
214;
233;
199;
173;
115;
223;
149;
199;
212;
258;
156;
135;
119;
144;
168;
186;
192;
183;
129;
127;
158;
147;
134;
158;
182;
253;
207;
197;
245;
249;
180;
134;
143;
182;
224;
163;
125;
187;
167;
233;
173;
164;
144;
158;
195;
116;
159;
215;
231;
152;
171;
129;
201;
122;
233;
200;
147;
133;
152;
178;
166;
141;
163;
273;
181;
262;
195;
209;
206;
226;
174;
253;
227;
266;
197;
165;
174;
233;
182;
122;
189;
127;
201;
258;
122;
192;
213;
142;
126;
203;
265;
204;
278;
141;
156;
199;
255;
273;
208;
148;
124;
166;
185;
154;
174;
197;
157;
222;
207;
225;
196;
255;
257;
233;
210;
138;
252;
142;
159;
228;
178;
176;
205;
231;
128;
139;
232;
229;
206;
195;
144;
124;
181;
172;
121;
179;
138;
226;
172;
175;
211;
280;
197;
216;
212;
262;
253;
159;
214;
223;
214;
203;
156;
206;
220;
211;
188;
164;
133;
173;
282;
182;
259;
136;
197;
220;
127;
126;
264;
192;
221;
196;
173;
174;
137;
195;
223;
178;
211;
217;
204;
193;
163;
197;
194;
222;
222;
254;
268;
185;
152;
167;
286;
208;
226;
218;
181;
191;
170;
158;
254;
162;
212;
143;
202;
218;
179;
234;
230;
141;
173;
203;
150;
200;
148;
162;
149;
218;
165;
99;
120;
179;
186;
187;
260;
210;
179;
281;
177;
220;
224;
167;
215;
156;
245;
202;
207;
199;
239;
226;
217;
203;
219;
162;
217;
151;
151;
188;
193;
129;
208;
97;
148;
154;
230;
231;
158;
208;
153;
227;
156;
235;
200;
234;
149;
213;
126;
258;
285;
192;
183;
208;
130;
207;
225;
215;
136;
178;
202;
156;
150;
187;
182;
287;
224;
261;
107;
214;
274;
212;
195;
114;
213;
179;
192;
232;
204;
170;
182;
132;
199;
263;
220;
151;
172;
181;
248;
127;
231;
169;
154;
189;
238;
236;
135;
188;
277;
162;
159;
238;
157;
145;
149;
174;
164;
143;
210;
198;
224;
196;
223;
167;
153;
227;
211;
113;
189;
194;
264;
192;
204;
226;
186;
167;
194;
192;
241;
220;
247;
231;
138;
114;
187;
196;
205;
227;
164;
160;
124;
281;
179;
151;
199;
182;
147;
218;
148;
258;
127;
154;
191;
136;
113;
194;
187;
195;
195;
147;
194;
134;
175;
179;
178;
167;
237;
232;
237;
275;
259;
238;
184;
149;
231;
234;
172;
137;
164;
213;
268;
221;
240;
189;
120;
152;
250;
171;
165;
162;
152;
158;
223;
197;
143;
257;
203;
128;
192;
202;
187;
171;
246;
202;
148;
203;
235;
211;
235;
156;
179;
186;
206;
147;
233;
211;
166;
240;
174;
200;
171;
204;
175;
156;
216;
143;
140;
129;
159;
183;
213;
225;
140;
139;
184;
153;
146;
249;
203;
164;
217;
159;
285;
157;
136;
281;
200;
282;
152;
159;
186;
242;
169;
223;
151;
130;
259;
191;
161;
145;
153;
149;
126;
142;
124;
164;
209;
158;
156;
139;
165;
178;
191;
167;
167;
187;
241;
258;
152;
268;
189;
152;
142;
194;
225;
144;
224;
177;
192;
235;
218;
129;
180;
229;
220;
155;
243;
163;
264;
195;
201;
280;
263;
162;
167;
179;
170;
213;
145;
210;
146;
176;
198;
152;
172;
185;
171;
251;
132;
297;
259;
145;
223;
211;
299;
145;
193;
150;
223;
193;
186;
161;
136;
231;
267;
286;
241;
199;
240;
167;
164;
273;
222;
195;
188;
247;
214;
205;
181;
195;
142;
163;
167;
243;
176;
186;
112;
160;
191;
125;
253;
190;
220;
196;
190;
195;
197;
173;
139;
232;
196;
179;
251;
225;
263;
163;
227;
198;
165;
253;
200;
148;
254;
225;
201;
157;
167;
256;
234;
221;
205;
228;
179;
124;
126;
218;
122;
243;
226;
106;
155;
225;
245;
123;
205;
152;
163;
172;
313;
141;
222;
205;
263;
272;
177;
121;
162;
152;
155;
202;
100;
204;
120;
174;
133;
194;
190;
252;
115;
190;
132;
131;
263;
221;
277;
188;
245;
231;
187;
196;
305;
158;
259;
150;
220;
174;
224;
220;
181;
226;
203;
246;
258;
185;
206;
203;
182;
223;
251;
197;
143;
139;
190;
174;
135;
203;
188;
215;
136;
228;
154;
131;
151;
196;
259;
159;
179;
139;
170;
143;
246;
222;
237;
155;
152;
198;
225;
192;
195;
210;
180;
228;
284;
178;
212;
133;
211;
192;
243;
184;
123;
126;
255;
202;
270;
256;
141;
122;
132;
270;
152;
193;
210;
231;
243;
179;
218;
180;
106;
210;
188;
167;
167;
216;
129;
202;
222;
158;
175;
154;
234;
152;
159;
144;
190;
130;
273;
122;
175;
249;
266;
221;
193;
198;
210;
169;
201;
152;
130;
110;
154;
141;
144;
157;
259;
185;
190;
136;
156;
242;
148;
227;
229;
183;
143;
153;
193;
264;
151;
141;
237;
185;
192;
162;
169;
218;
212;
197;
245;
220;
178;
165;
273;
283;
132;
238;
167;
175;
209;
195;
142;
221;
210;
161;
145;
200;
226;
203;
249;
192;
195;
127;
191;
192;
167;
257;
178;
193;
198;
215;
191;
231;
155;
234;
210;
215;
166;
187;
290;
155;
234;
176;
237;
201;
176;
193;
182;
182;
140;
201;
186;
228;
230;
135;
207;
288;
192;
169;
204;
141;
273;
210;
257;
239;
251;
185;
203;
170;
201;
161;
141;
125;
149;
150;
129;
201;
177;
139;
224;
158;
236;
277;
142;
238;
197;
164;
142;
156;
244;
206;
189;
233;
187;
190;
132;
165;
161;
164;
152;
125;
145;
290;
215;
174;
153;
177;
180;
254;
178;
136;
173;
161;
227;
215;
118;
222;
157;
145;
160;
279;
161;
224;
223;
128;
155;
175;
209;
226;
133;
181;
213;
152;
123;
225;
146;
236;
127;
283;
159;
112;
226;
142;
215;
281;
164;
199;
180;
217;
212;
173;
240;
236;
214;
147;
231;
199;
258;
143;
177;
222;
109;
218;
219;
250;
201;
275;
225;
163;
131;
228;
248;
128;
138;
221;
206;
168;
141;
153;
225;
202;
210;
192;
197;
194;
164;
260;
218;
215;
173;
139;
132;
246;
190;
147;
177;
229;
164;
290;
217;
172;
171;
188;
280;
270;
145;
233;
237;
157;
137;
258;
307;
208;
192;
252;
163;
129;
202;
231;
208;
203;
202;
112;
162;
264;
136;
201;
169;
172;
159;
240;
146;
135;
269;
187;
280;
188;
245;
205;
151;
187;
136;
149;
147;
269;
159;
198;
148;
180;
215;
180;
176;
196;
282;
197;
137;
156;
134;
148;
238;
143;
127;
130;
146;
216;
170;
158;
167;
144;
180;
170;
149;
125;
186;
170;
193;
213;
216;
167;
193;
213;
135;
202;
158;
190;
278;
151;
210;
217;
160;
148;
212;
145;
138;
136;
180;
287;
198;
138;
169;
132;
204;
234;
138;
185;
163;
176;
211;
200;
208;
148;
201;
247;
164;
216;
179;
256;
214;
198;
158;
191;
151;
140;
182;
251;
238;
132;
191;
216;
157;
210;
152;
206;
141;
248;
188;
115;
185;
163;
138;
221;
246;
208;
214;
141;
155;
147;
209;
191;
244;
163;
175;
169;
170;
230;
139;
226;
219;
171;
295;
142;
111;
178;
177;
208;
112;
135;
123;
168;
153;
188;
183;
114;
143;
146;
222;
192;
195;
130;
136;
226;
162;
158;
165;
176;
237;
147;
223;
125;
207;
176;
180;
189;
283;
285;
200;
187;
227;
140;
151;
174;
265;
277;
199;
161;
159;
196;
136;
223;
162;
205;
290;
182;
158;
163;
146;
138;
157;
165;
159;
155;
155;
144;
297;
224;
211;
145;
210;
161;
278;
263;
183;
142;
230;
190;
217;
196;
219;
183;
212;
142;
190;
97;
137;
139;
230;
150;
205;
204;
151;
170;
251;
162;
168;
191;
128;
158;
205;
170;
221;
145;
97;
226;
198;
245;
169;
114;
171;
206;
137;
284;
158;
200;
146;
161;
208;
139;
182;
217;
151;
184;
181;
197;
149;
238;
199;
145;
261;
150;
192;
239;
108;
174;
247;
148;
171;
247;
205;
196;
246;
176;
211;
284;
221;
204;
209;
145;
215;
173;
147;
181;
228;
246;
243;
199;
193;
178;
241;
151;
157;
315;
135;
206;
153;
202;
235;
291;
131;
188;
191;
196;
207;
219;
161;
200;
143;
181;
133;
204;
207;
165;
229;
205;
228;
149;
154;
186;
172;
186;
182;
122;
136;
204;
218;
138;
179;
221;
189;
147;
188;
172;
279;
228;
161;
224;
209;
197;
159;
124;
209;
152;
198;
203;
268;
141;
153;
112;
150;
169;
222;
142;
182;
198;
225;
224;
214;
147;
165;
177;
189;
260;
229;
211;
128;
169;
164;
215;
179;
198;
163;
177;
190;
169;
197;
148;
140;
149;
268;
143;
269;
240;
190;
167;
196;
226;
185;
221;
214;
159;
224;
191;
203;
193;
162;
267;
139;
126;
169;
200;
144;
185;
167;
172;
266;
245;
126;
146;
188;
175;
151;
187;
137;
157;
163;
219;
274;
205;
165;
158;
241;
144;
179;
152;
170;
224;
230;
206;
200;
269;
209;
231;
233;
136;
152;
211;
303;
218;
154;
267;
171;
174;
202;
179;
194;
127;
173;
154;
226;
147;
174;
173;
150;
291;
283;
186;
240;
155;
213;
160;
223;
223;
164;
243;
221;
187;
159;
224;
185;
202;
159;
226;
177;
191;
167;
223;
205;
160;
144;
235;
160;
160;
214;
233;
198;
262;
206;
205;
139;
229;
269;
138;
175;
241;
197;
275;
146;
187;
148;
254;
157;
203;
254;
175;
162;
230;
237;
224;
208;
211;
206;
286;
162;
186;
220;
213;
127;
218;
232;
277;
166;
241;
250;
145;
185;
176;
139;
132;
218;
153;
242;
127;
166;
256;
197;
147;
267;
193;
239;
174;
279;
209;
145;
247;
163;
173;
183;
188;
205;
124;
178;
244;
217;
225;
242;
165;
175;
222;
151;
196;
296;
306;
162;
256;
291;
293;
162;
196;
271;
149;
177;
181;
152;
115;
163;
182;
191;
190;
163;
174;
177;
142;
201;
223;
180;
175;
235;
225;
217;
277;
131;
235;
221;
255;
177;
166;
214;
157;
229;
126;
123;
156;
167;
146;
155;
167;
195;
280;
150;
288;
165;
208;
168;
144;
284;
170;
229;
183;
202;
212;
164;
252;
255;
149;
137;
209;
287;
267;
240;
160;
253;
218;
225;
202;
163;
189;
163;
147;
126;
195;
198;
205;
290;
173;
146;
160;
161;
213;
163;
209;
163;
184;
155;
202;
195;
192;
258;
232;
225;
164;
211;
209;
218;
167;
142;
232;
215;
159;
179;
144;
304;
206;
169;
191;
144;
300;
167;
168;
166;
143;
267;
226;
158;
189;
139;
158;
180;
243;
192;
205;
159;
216;
210;
157;
226;
171;
132;
154;
138;
242;
153;
135;
271;
206;
173;
178;
155;
265;
159;
159;
172;
196;
192;
248;
255;
226;
217;
231;
178;
179;
194;
225;
148;
138;
164;
146;
164;
149;
138;
166;
152;
149;
162;
148;
132;
197;
143;
199;
190;
190;
214;
147;
148;
221;
200;
144;
238;
135;
214;
279;
230;
142;
224;
189;
200;
248;
238;
198;
147;
208;
172;
186;
186;
217;
156;
170;
147;
231;
143;
154;
157;
232;
225;
181;
221;
183;
174;
169;
213;
247;
191;
234;
288;
275;
187;
222;
163;
145;
218;
153;
147;
223;
230;
141;
174;
158;
108;
265;
172;
202;
224;
243;
145;
174;
263;
192;
209;
226;
178;
209;
186;
148;
164;
180;
136;
176;
136;
259;
262;
157;
222;
148;
193;
216;
198;
229;
115;
128;
170;
158;
208;
167;
150;
274;
187;
142;
164;
199;
167;
162;
146;
211;
226;
265;
203;
202;
198;
161;
286;
231;
164;
174;
276;
143;
159;
270;
193;
227;
126;
200;
212;
265;
169;
235;
161;
129;
220;
198;
156;
206;
234;
141;
222;
248;
162;
207;
218;
151;
175;
193;
257;
170;
238;
194;
217;
251;
156;
151;
160;
202;
191;
186;
138;
184;
275;
158;
204;
163;
159;
154;
203;
220;
142;
219;
134;
162;
181;
147;
147;
247;
139;
213;
194;
258;
269;
186;
180;
245;
175;
230;
273;
223;
200;
149;
274;
173;
163;
211;
150;
133;
170;
187;
210;
263;
190;
297;
172;
241;
159;
172;
155;
218;
191;
224;
171;
220;
210;
155;
196;
192;
229;
210;
230;
215;
227;
135;
155;
140;
266;
279;
307;
137;
208;
186;
138;
204;
150;
291;
172;
154;
120;
212;
176;
196;
225;
210;
268;
164;
171;
271;
155;
211;
218;
247;
196;
208;
214;
231;
132;
221;
152;
178;
226;
229;
250;
210;
200;
205;
210;
166;
217;
201;
275;
269;
136;
232;
163;
202;
214;
168;
196;
223;
216;
235;
138;
162;
196;
140;
206;
236;
204;
218;
234;
232;
141;
231;
186;
207;
190;
244;
148;
254;
136;
150;
257;
159;
145;
238;
211;
215;
196;
192;
196;
217;
221;
196;
173;
179;
204;
147;
220;
157;
158;
130;
138;
199;
128;
180;
263;
146;
256;
162;
231;
216;
122;
267;
156;
233;
147;
196;
171;
283;
202;
193;
247;
158;
237;
238;
213;
182;
179;
220;
289;
169;
174;
266;
185;
127;
316;
131;
270;
171;
257;
207;
145;
234;
191;
114;
142;
201;
151;
142;
147;
215;
197;
140;
260;
206;
257;
140;
174;
170;
207;
165;
267;
181;
158;
228;
155;
172;
163;
194;
159;
157;
173;
176;
144;
178;
159;
141;
177;
174;
197;
232;
221;
293;
170;
185;
153;
190;
220;
253;
143;
138;
208;
205;
285;
146;
189;
277;
139;
211;
225;
170;
196;
133;
191;
237;
229;
168;
233;
250;
151;
208;
267;
157;
273;
143;
160;
176;
205;
294;
211;
120;
228;
214;
121;
229;
161;
182;
176;
151;
171;
153;
204;
247;
210;
142;
209;
201;
213;
212;
172;
174;
127;
202;
214;
134;
234;
176;
146;
184;
202;
248;
215;
178;
205;
220;
199;
216;
219;
164;
171;
260;
123;
198;
121;
214;
215;
225;
135;
260;
212;
226;
270;
145;
170;
138;
118;
209;
260;
249;
259;
210;
204;
223;
216;
221;
281;
144;
171;
240;
150;
190;
168;
155;
260;
144;
221;
144;
171;
175;
131;
234;
159;
270;
235;
172;
182;
209;
173;
214;
271;
145;
216;
199;
201;
200;
149;
143;
198;
154;
152;
173;
146;
182;
159;
202;
149;
241;
192;
176;
214;
136;
208;
131;
236;
188;
171;
138;
142;
214;
246;
217;
163;
265;
170;
180;
196;
208;
206;
119;
157;
208;
212;
178;
192;
205;
198;
112;
145;
115;
174;
171;
230;
174;
173;
206;
153;
238;
291;
183;
157;
176;
174;
166;
232;
170;
165;
241;
184;
211;
169;
144;
156;
207;
271;
154;
176;
282;
183;
151;
187;
168;
114;
179;
274;
303;
155;
146;
216;
180;
152;
269;
158;
127;
149;
248;
205;
242;
189;
139;
168;
200;
239;
204;
215;
188;
164;
158;
131;
164;
166;
215;
157;
221;
219;
158;
145;
151;
159;
157;
193;
206;
159;
214;
162;
175;
246;
139;
161;
282;
255;
267;
226;
139;
185;
163;
215;
178;
182;
202;
135;
213;
129;
135;
218;
157;
145;
169;
247;
189;
206;
235;
187;
160;
185;
206;
156;
203;
233;
165;
151;
190;
193;
220;
266;
150;
163;
216;
211;
217;
217;
173;
236;
176;
198;
220;
265;
145;
95;
128;
154;
292;
186;
226;
145;
202;
154;
155;
151;
146;
212;
126;
160;
148;
146;
270;
156;
149;
130;
173;
258;
138;
167;
203;
160;
212;
192;
151;
196;
273;
212;
289;
248;
203;
143;
148;
140;
172;
244;
225;
121;
232;
157;
147;
226;
266;
156;
226;
160;
213;
183;
149;
247;
254;
185;
197;
283;
276;
193;
221;
217;
288;
261;
241;
279;
119;
218;
246;
131;
132;
191;
201;
218;
188;
195;
198;
265;
213;
178;
248;
156;
196;
146;
212;
154;
160;
126;
184;
229;
153;
224;
218;
252;
160;
130;
151;
230;
149;
187;
195;
232;
103;
146;
257;
135;
139;
163;
195;
205;
192;
265;
235;
164;
145;
157;
133;
179;
149;
257;
148;
222;
190;
253;
255;
200;
175;
162;
170;
181;
117;
136;
147;
140;
150;
272;
219;
140;
171;
236;
140;
177;
247;
218;
189;
149;
254;
267;
172;
164;
181;
241;
155;
150;
219;
209;
158;
233;
268;
197;
196;
219;
187;
232;
130;
167;
168;
144;
185;
208;
225;
140;
149;
198;
221;
245;
228;
211;
271;
208;
271;
159;
152;
226;
254;
122;
255;
171;
158;
231;
148;
164;
224;
208;
153;
156;
258;
135;
157;
178;
143;
113;
229;
204;
185;
243;
200;
199;
173;
146;
249;
122;
271;
130;
216;
215;
268;
184;
185;
146;
136;
106;
230;
197;
157;
208;
168;
169;
194;
188;
177;
171;
153;
177;
251;
211;
196;
131;
150;
255;
158;
174;
209;
158;
196;
204;
212;
167;
282;
269;
175;
207;
268;
212;
148;
200;
202;
166;
143;
194;
216;
147;
183;
140;
224;
253;
149;
153;
239;
204;
280;
155;
231;
156;
221;
197;
189;
285;
165;
150;
225;
133;
117;
189;
131;
221;
262;
199;
215;
222;
177;
190;
166;
166;
189;
156;
148;
136;
301;
153;
175;
178;
233;
217;
235;
185;
184;
206;
216;
202;
202;
159;
199;
234;
154;
156;
130;
192;
268;
185;
209;
148;
214;
143;
221;
176;
225;
184;
165;
239;
242;
162;
221;
153;
160;
139;
169;
164;
122;
206;
193;
203;
156;
192;
204;
116;
251;
283;
189;
199;
213;
227;
139;
135;
202;
142;
206;
221;
149;
189;
268;
173;
260;
193;
145;
280;
235;
143;
266;
142;
245;
259;
211;
147;
204;
114;
226;
155;
299;
186;
224;
125;
152;
134;
156;
171;
292;
143;
208;
233;
220;
217;
273;
181;
235;
215;
154;
176;
275;
158;
248;
115;
235;
128;
242;
248;
292;
199;
287;
232;
211;
177;
157;
294;
171;
208;
213;
247;
164;
138;
146;
225;
202;
138;
135;
228;
253;
154;
244;
169;
215;
230;
127;
245;
158;
145;
210;
194;
207;
182;
201;
261;
211;
202;
175;
188;
268;
275;
196;
233;
145;
207;
228;
193;
226;
266;
205;
157;
261;
196;
219;
142;
220;
142;
258;
141;
170;
257;
171;
168;
165;
134;
155;
152;
160;
168;
206;
148;
217;
283;
226;
129;
208;
172;
237;
216;
225;
164;
210;
275;
159;
138;
232;
134;
129;
213;
225;
192;
205;
199;
171;
190;
156;
229;
141;
183;
167;
197;
218;
144;
130;
166;
165;
269;
209;
135;
147;
172;
137;
220;
149;
267;
176;
219;
229;
277;
155;
187;
205;
152;
187;
177;
216;
263;
206;
136;
243;
128;
266;
141;
206;
178;
240;
149;
227;
150;
157;
179;
199;
173;
199;
267;
162;
248;
160;
179;
176;
224;
211;
136;
157;
190;
156;
156;
179;
149;
272;
102;
129;
220;
223;
228;
267;
151;
149;
239;
197;
145;
228;
145;
213;
178;
116;
185;
174;
216;
256;
164;
137;
125;
150;
199;
247;
238;
196;
201;
147;
267;
186;
185;
224;
157;
185;
197;
288;
169;
261;
109;
235;
197;
149;
213;
171;
151;
194;
144;
257;
256;
169;
200;
148;
192;
215;
198;
205;
204;
224;
101;
160;
196;
154;
185;
191;
202;
289;
168;
175;
228;
185;
278;
170;
192;
214;
143;
212;
191;
124;
160;
226;
186;
179;
280;
185;
184;
226;
177;
195;
198;
244;
155;
162;
215;
196;
153;
112;
154;
150;
164;
197;
198;
155;
189;
210;
163;
214;
215;
138;
243;
189;
145;
162;
196;
222;
192;
179;
213;
127;
201;
209;
227;
203;
145;
147;
205;
193;
140;
237;
152;
144;
168;
220;
200;
167;
190;
284;
254;
147;
183;
212;
185;
152;
217;
150;
138;
196;
251;
132;
180;
128;
179;
207;
189;
235;
197;
236;
195;
204;
169;
210;
187;
150;
169;
182;
182;
149;
214;
242;
131;
197;
197;
254;
216;
225;
143;
231;
204;
133;
285;
165;
163;
136;
225;
140;
224;
221;
242;
159;
141;
140;
144;
275;
127;
210;
223;
189;
195;
243;
178;
185;
190;
262;
198;
134;
117;
200;
270;
149;
271;
128;
220;
146;
209;
241;
211;
234;
124;
224;
143;
156;
156;
148;
137;
159;
225;
176;
224;
138;
155;
153;
187;
137;
212;
237;
237;
248;
180;
217;
150;
222;
124;
171;
192;
140;
235;
205;
187;
163;
282;
123;
151;
276;
144;
237;
119;
185;
179;
161;
243;
158;
211;
259;
198;
163;
155;
177;
217;
188;
194;
234;
148;
251;
136;
195;
213;
153;
187;
208;
171;
202;
276;
160;
183;
265;
240;
129;
131;
230;
144;
119;
262;
221;
165;
193;
203;
238;
238;
171;
212;
246;
233;
151;
275;
147;
254;
220;
158;
244;
162;
203;
198;
151;
192;
129;
153;
142;
140;
123;
263;
246;
122;
230;
196;
170;
133;
218;
176;
195;
203;
191;
235;
119;
148;
251;
169;
194;
162;
143;
250;
145;
247;
213;
134;
184;
185;
264;
245;
230;
221;
158;
139;
138;
213;
250;
137;
132;
228;
278;
197;
224;
133;
178;
165;
231;
155;
163;
265;
120;
145;
122;
240;
185;
289;
237;
244;
163;
167;
145;
195;
140;
173;
210;
152;
201;
190;
172;
260;
259;
132;
182;
161;
155;
178;
205;
218;
156;
155;
206;
135;
161;
170;
165;
267;
160;
212;
162;
296;
175;
212;
202;
218;
289;
280;
116;
227;
209;
211;
128;
158;
184;
152;
193;
134;
271;
230;
240;
183;
185;
180;
221;
152;
173;
158;
171;
243;
217;
159;
149;
206;
170;
225;
196;
171;
255;
176;
146;
158;
197;
196;
222;
133;
193;
131;
175;
264;
202;
207;
182;
169;
249;
203;
261;
203;
127;
148;
177;
126;
106;
145;
146;
162;
123;
203;
287;
291;
201;
196;
187;
267;
201;
142;
157;
224;
177;
144;
159;
166;
107;
180;
275;
154;
161;
228;
152;
203;
161;
166;
135;
223;
216;
265;
222;
167;
174;
162;
149;
154;
222;
217;
142;
199;
165;
107;
214;
167;
256;
177;
219;
157;
171;
222;
158;
138;
118;
158;
175;
181;
279;
145;
192;
268;
209;
212;
271;
128;
224;
172;
132;
195;
162;
184;
174;
208;
129;
211;
187;
165;
277;
160;
223;
151;
126;
120;
242;
225;
154;
160;
217;
216;
194;
160;
222;
143;
148;
124;
244;
205;
133;
170;
233;
215;
218;
214;
173;
160;
133;
290;
225;
154;
158;
189;
129;
155;
204;
238;
260;
184;
167;
125;
229;
157;
142;
297;
138;
209;
143;
164;
110;
179;
261;
248;
232;
126;
198;
167;
154;
138;
232;
234;
126;
163;
170;
216;
225;
260;
209;
177;
217;
143;
159;
185;
119;
191;
188;
258;
120;
157;
213;
222;
159;
185;
136;
156;
131;
133;
158;
181;
259;
194;
187;
203;
187;
151;
214;
177;
170;
220;
230;
170;
151;
136;
269;
206;
113;
154;
160;
238;
151;
138;
134;
173;
122;
173;
214;
128;
138;
195;
237;
202;
192;
205;
155;
213;
152;
176;
259;
165;
124;
253;
197;
147;
143;
137;
153;
194;
123;
186;
195;
149;
160;
143;
227;
158;
184;
194;
139;
150;
182;
222;
223;
179;
134;
162;
243;
205;
104;
282;
204;
161;
200;
195;
168;
216;
161;
212;
195;
224;
224;
227;
224;
218;
222;
149;
249;
224;
143;
195;
137;
246;
202;
227;
142;
194;
156;
228;
221;
192;
239;
236;
142;
136;
160;
201;
179;
138;
172;
146;
142;
125;
243;
158;
215;
187;
248;
187;
239;
220;
182;
143;
158;
189;
228;
212;
212;
242;
146;
231;
236;
198;
193;
235;
198;
213;
146;
172;
245;
150;
206;
133;
206;
199;
261;
199;
265;
151;
244;
143;
121;
171;
151;
207;
207;
227;
252;
268;
219;
249;
293;
205;
233;
175;
253;
168;
193;
184;
144;
212;
168;
258;
151;
155;
199;
188;
234;
175;
195;
227;
253;
194;
192;
200;
120;
144;
277;
132;
121;
187;
118;
225;
187;
200;
146;
170;
146;
134;
156;
218;
167;
278;
152;
229;
159;
173;
151;
212;
178;
210;
234;
139;
177;
277;
203;
175;
212;
217;
149;
144;
142;
159;
189;
156;
173;
177;
209;
172;
182;
231;
128;
219;
194;
197;
165;
156;
233;
131;
153;
133;
240;
288;
234;
165;
182;
170;
223;
238;
178;
196;
212;
211;
211;
141;
284;
177;
224;
162;
175;
160;
201;
137;
160;
207;
207;
209;
227;
134;
194;
242;
254;
175;
121;
136;
134;
137;
186;
159;
261;
289;
188;
222;
180;
222;
153;
183;
119;
145;
178;
197;
206;
144;
223;
161;
124;
141;
141;
163;
268;
218;
171;
199;
258;
144;
286;
300;
210;
238;
263;
214;
138;
203;
133;
182;
137;
159;
133;
159;
235;
159;
269;
159;
164;
149;
159;
284;
246;
144;
133;
157;
141;
169;
137;
176;
157;
138;
227;
278;
150;
259;
187;
152;
138;
155;
207;
238;
242;
208;
237;
235;
265;
154;
192;
128;
132;
231;
157;
157;
186;
181;
170;
309;
171;
181;
201;
218;
155;
139;
185;
184;
190;
160;
139;
230;
178;
193;
112;
163;
146;
264;
155;
117;
129;
130;
161;
263;
205;
226;
232;
159;
167;
274;
155;
161;
203;
239;
141;
134;
211;
151;
152;
248;
159;
209;
193;
207;
223;
238;
231;
274;
167;
160;
195;
268;
225;
266;
224;
147;
297;
209;
243;
276;
158;
225;
189;
198;
229;
192;
143;
217;
212;
154;
172;
222;
181;
157;
248;
148;
266;
211;
106;
236;
233;
175;
188;
145;
184;
271;
244;
239;
161;
200;
174;
194;
184;
283;
141;
136;
176;
185;
212;
212;
181;
137;
144;
166;
209;
226;
229;
224;
206;
137;
228;
259;
182;
144;
166;
168;
142;
221;
155;
197;
135;
164;
235;
238;
195;
182;
232;
269;
217;
170;
220;
164;
252;
174;
240;
204;
131;
221;
163;
264;
128;
155;
185;
168;
202;
161;
217;
171;
257;
171;
226;
146;
185;
178;
218;
289;
198;
202;
246;
165;
139;
219;
209;
159;
197;
143;
166;
233;
163;
193;
178;
179;
278;
215;
209;
214;
138;
169;
282;
223;
165;
223;
148;
133;
225;
143;
201;
143;
151;
143;
263;
175;
209;
143;
192;
123;
211;
210;
215;
241;
181;
176;
211;
153;
213;
162;
212;
141;
196;
225;
200;
268;
128;
170;
202;
181;
147;
126;
198;
200;
159;
173;
247;
191;
173;
138;
178;
146;
191;
221;
127;
182;
161;
150;
158;
207;
180;
254;
217;
263;
148;
146;
139;
173;
201;
200;
164;
208;
229;
208;
272;
210;
227;
224;
169;
200;
197;
226;
151;
157;
205;
167;
211;
255;
116;
142;
155;
200;
189;
176;
170;
198;
161;
136;
193;
210;
194;
286;
286;
222;
163;
120;
135;
254;
267;
208;
208;
205;
217;
209;
191;
262;
244;
121;
139;
148;
144;
150;
193;
205;
206;
206;
171;
278;
204;
176;
219;
242;
160;
216;
179;
172;
225;
171;
133;
192;
140;
192;
269;
155;
143;
157;
204;
142;
164;
192;
208;
179;
126;
244;
161;
139;
174;
150;
140;
224;
202;
210;
166;
200;
117;
247;
221;
191;
221;
170;
164;
166;
156;
264;
235;
144;
142;
157;
202;
125;
160;
168;
150;
198;
224;
159;
253;
173;
195;
207;
208;
174;
217;
244;
131;
208;
210;
142;
213;
256;
163;
145;
211;
157;
163;
145;
173;
276;
146;
239;
133;
150;
188;
214;
162;
176;
188;
279;
219;
241;
273;
191;
205;
146;
196;
237;
143;
227;
121;
218;
230;
138;
163;
207;
142;
223;
186;
223;
291;
168;
162;
237;
139;
137;
225;
237;
240;
165;
240;
234;
146;
161;
166;
199;
204;
204;
228;
151;
187;
124;
215;
137;
303;
265;
135;
224;
158;
153;
169;
200;
231;
156;
135;
188;
155;
144;
146;
170;
162;
167;
259;
285;
225;
189;
178;
196;
158;
223;
159;
199;
162;
176;
267;
115;
137;
223;
137;
125;
184;
155;
284;
209;
204;
142;
213;
171;
163;
159;
234;
238;
151;
211;
156;
146;
121;
209;
118;
136;
284;
224;
140;
185;
195;
184;
221;
272;
205;
119;
266;
187;
179;
152;
180;
137;
167;
173;
146;
107;
243;
214;
261;
264;
156;
175;
178;
142;
163;
149;
191;
165;
193;
145;
190;
186;
187;
172;
191;
141;
247;
153;
195;
191;
218;
148;
120;
141;
184;
242;
166;
151;
182;
240;
158;
161;
177;
203;
218;
220;
231;
219;
206;
173;
140;
225;
245;
138;
244;
249;
192;
205;
241;
284;
224;
248;
162;
215;
263;
202;
224;
124;
177;
211;
191;
244;
122;
152;
283;
139;
213;
180;
135;
261;
275;
120;
193;
199;
171;
121;
145;
196;
155;
225;
139;
253;
211;
187;
168;
150;
158;
209;
163;
137;
158;
211;
173;
195;
165;
178;
207;
138;
153;
195;
286;
158;
278;
157;
174;
244;
216;
139;
136;
169;
168;
178;
177;
220;
191;
214;
152;
199;
154;
236;
198;
199;
236;
204;
182;
228;
154;
200;
194;
166;
168;
255;
213;
182;
183;
212;
192;
218;
146;
199;
135;
244;
119;
299;
217;
196;
227;
214;
216;
184;
180;
193;
180;
160;
139;
186;
242;
194;
202;
142;
136;
225;
165;
304;
163;
146;
153;
223;
200;
251;
233;
132;
286;
301;
176;
143;
167;
166;
154;
211;
189;
176;
218;
226;
116;
219;
272;
159;
142;
162;
223;
183;
141;
179;
135;
180;
148;
121;
214;
161;
196;
164;
202;
285;
225;
199;
202;
203;
164;
206;
306;
170;
176;
230;
285;
182;
158;
131;
149;
171;
138;
204;
168;
148;
189;
133;
95;
210;
212;
147;
236;
152;
151;
228;
216;
177;
196;
188;
270;
201;
162;
235;
250;
188;
224;
155;
147;
224;
162;
126;
222;
145;
148;
201;
172;
156;
170;
245;
211;
149;
183;
140;
296;
184;
173;
209;
287;
151;
149;
196;
165;
196;
206;
235;
149;
209;
190;
229;
138;
237;
131;
174;
147;
136;
191;
144;
215;
226;
179;
241;
254;
194;
239;
210;
218;
164;
226;
228;
190;
196;
178;
248;
206;
171;
264;
149;
193;
215;
162;
235;
156;
229;
198;
217;
228;
181;
150;
203;
211;
136;
232;
161;
148;
202;
154;
260;
224;
240;
205;
190;
199;
200;
196;
107;
132;
276;
117;
212;
225;
193;
131;
119;
192;
178;
146;
154;
175;
148;
126;
203;
142;
173;
130;
213;
226;
226;
139;
132;
219;
157;
174;
218;
143;
150;
180;
199;
183;
199;
205;
305;
173;
239;
166;
139;
185;
133;
266;
240;
172;
181;
256;
140;
181;
263;
136;
182;
195;
140;
152;
221;
221;
151;
129;
136;
172;
192;
174;
177;
135;
141;
221;
264;
212;
229;
231;
119;
172;
149;
227;
113;
227;
172;
225;
202;
226;
152;
257;
285;
169;
165;
158;
156;
210;
218;
225;
146;
127;
206;
275;
271;
156;
148;
175;
205;
181;
113;
252;
191;
207;
184;
270;
196;
205;
184;
174;
253;
215;
169;
158;
183;
119;
188;
200;
190;
170;
181;
204;
234;
117;
166;
157;
206;
139;
151;
155;
180;
202;
286;
196;
175;
230;
260;
283;
234;
181;
195;
165;
157;
137;
211;
201;
138;
205;
156;
168;
183;
128;
155;
210;
162;
163;
189;
160;
251;
195;
159;
267;
244;
123;
177;
227;
282;
214;
251;
158;
165;
298;
143;
270;
161;
198;
242;
154;
186;
132;
146;
157;
211;
166;
156;
190;
213;
210;
209;
168;
136;
256;
231;
211;
195;
178;
222;
197;
220;
238;
168;
198;
230;
171;
159;
147;
180;
204;
152;
177;
180;
114;
201;
287;
273;
158;
211;
206;
280;
203;
218;
168;
146;
175;
221;
180;
187;
157;
233;
172;
264;
164;
246;
291;
168;
211;
213;
289;
182;
178;
195;
149;
185;
296;
291;
197;
147;
225;
188;
144;
138;
115;
210;
171;
211;
232;
251;
139;
162;
209;
134;
146;
288;
115;
246;
217;
144;
156;
181;
267;
185;
147;
168;
116;
200;
180;
141;
122;
268;
297;
220;
242;
212;
149;
191;
132;
187;
148;
209;
176;
162;
216;
203;
238;
197;
153;
188;
272;
162;
262;
229;
139;
195;
174;
199;
189;
161;
204;
158;
162;
219;
225;
159;
158;
198;
236;
188;
166;
201;
123;
197;
196;
200;
167;
282;
244;
233;
220;
126;
170;
173;
151;
212;
172;
220;
214;
149;
152;
142;
165;
162;
153;
152;
215;
187;
161;
217;
150;
217;
205;
195;
167;
157;
151;
196;
188;
249;
168;
221;
137;
201;
146;
187;
184;
224;
227;
137;
160;
232;
185;
144;
196;
190;
159;
196;
244;
121;
109;
153;
120;
178;
264;
175;
211;
210;
228;
173;
261;
181;
174;
148;
163;
228;
128;
134;
198;
154;
208;
165;
185;
208;
167;
251;
118;
153;
221;
139;
174;
145;
192;
144;
201;
241;
195;
169;
221;
188;
193;
243;
203;
182;
157;
226;
206;
115;
210;
213;
201;
183;
162;
114;
276;
211;
191;
198;
151;
188;
128;
223;
268;
135;
270;
179;
204;
230;
231;
166;
197;
116;
191;
234;
146;
166;
204;
264;
216;
167;
249;
266;
169;
138;
153;
225;
230;
139;
224;
131;
150;
143;
176;
124;
191;
138;
227;
142;
276;
156;
202;
133;
207;
177;
211;
144;
138;
174;
174;
140;
220;
213;
216;
199;
237;
209;
186;
94;
200;
177;
133;
172;
176;
265;
253;
226;
219;
232;
190;
221;
238;
195;
176;
199;
149;
133;
203;
199;
214;
150;
219;
215;
204;
133;
256;
203;
198;
163;
164;
204;
170;
201;
206;
112;
154;
201;
215;
216;
105;
248;
209;
154;
203;
216;
304;
175;
158;
206;
137;
140;
184;
200;
198;
186;
232;
246;
140;
176;
168;
147;
223;
131;
254;
157;
190;
162;
149;
224;
143;
172;
153;
211;
162;
242;
144;
153;
167;
204;
190;
212;
219;
191;
174;
224;
136;
253;
187;
291;
173;
160;
176;
137;
190;
225;
205;
228;
154;
192;
168;
179;
211;
220;
164;
222;
136;
118;
152;
238;
177;
177;
252;
178;
206;
133;
159;
166;
273;
133;
183;
168;
261;
184;
137;
277;
231;
134;
138;
166;
227;
219;
146;
191;
204;
256;
159;
238;
171;
148;
208;
187;
178;
113;
174;
155;
136;
173;
141;
212;
149;
217;
181;
182;
235;
221;
161;
217;
126;
272;
206;
147;
149;
220;
233;
211;
211;
237;
199;
195;
294;
154;
277;
206;
256;
270;
279;
194;
177;
216;
178;
223;
292;
211;
215;
218;
193;
160;
196;
215;
173;
147;
199;
138;
131;
216;
217;
201;
217;
158;
178;
148;
144;
178;
171;
162;
207;
170;
171;
221;
144;
223;
149;
261;
235;
288;
149;
159;
208;
149;
160;
152;
180;
195;
307;
153;
244;
193;
160;
128;
265;
245;
274;
170;
170;
227;
165;
230;
195;
263;
177;
137;
198;
142;
146;
193;
219;
208;
140;
165;
291;
191;
162;
133;
138;
190;
159;
160;
191;
167;
163;
162;
229;
215;
225;
282;
192;
153;
284;
203;
204;
290;
173;
142;
166;
164;
199;
170;
205;
194;
212;
176;
271;
182;
201;
199;
177;
160;
219;
144;
151;
149;
174;
252;
139;
271;
139;
171;
180;
196;
165;
241;
177;
205;
199;
215;
233;
259;
211;
187;
280;
161;
245;
188;
136;
116;
126;
174;
238;
142;
158;
197;
288;
134;
259;
164;
166;
192;
193;
253;
249;
194;
188;
143;
180;
216;
172;
184;
150;
243;
176;
106;
172;
221;
155;
182;
203;
154;
219;
180;
274;
246;
264;
165;
99;
205;
137;
188;
106;
221;
188;
149;
209;
130;
207;
193;
184;
185;
184;
161;
276;
177;
142;
164;
169;
204;
127;
221;
199;
146;
224;
248;
139;
163;
242;
148;
292;
125;
147;
206;
137;
208;
198;
192;
190;
199;
257;
156;
291;
172;
145;
190;
238;
135;
278;
236;
218;
124;
153;
207;
155;
238;
182;
243;
170;
211;
175;
150;
232;
222;
201;
191;
205;
145;
157;
255;
148;
157;
150;
180;
149;
219;
149;
179;
224;
158;
127;
230;
129;
284;
192;
174;
229;
192;
164;
199;
219;
224;
192;
181;
227;
203;
180;
179;
153;
182;
139;
198;
182;
118;
197;
172;
229;
186;
165;
262;
156;
269;
260;
186;
233;
213;
160;
154;
202;
147;
230;
216;
257;
195;
218;
166;
217;
129;
252;
210;
165;
140;
138;
171;
195;
165;
183;
147;
185;
209;
241;
190;
232;
161;
223;
232;
272;
93;
154;
204;
179;
205;
141;
214;
146;
213;
131;
251;
197;
170;
181;
217;
230;
196;
210;
149;
212;
222;
224;
240;
197;
138;
164;
145;
170;
135;
283;
197;
213;
213;
287;
225;
148;
211;
208;
131;
191;
188;
279;
190;
169;
155;
141;
210;
210;
223;
192;
145;
205;
167;
218;
231;
220;
162;
172;
195;
227;
186;
172;
132;
164;
265;
150;
147;
265;
151;
283;
186;
205;
203;
213;
190;
214;
178;
205;
286;
193;
124;
125;
189;
169;
184;
115;
205;
175;
122;
220;
213;
237;
195;
125;
131;
128;
154;
157;
126;
163;
237;
230;
162;
148;
196;
155;
217;
217;
172;
209;
152;
156;
228;
150;
181;
235;
186;
153;
229;
210;
143;
179;
198;
137;
163;
138;
221;
176;
229;
192;
139;
263;
216;
232;
140;
135;
155;
186;
200;
168;
182;
147;
214;
169;
188;
185;
166;
174;
174;
116;
190;
225;
279;
201;
105;
224;
158;
191;
148;
209;
219;
178;
170;
161;
185;
270;
111;
160;
135;
219;
206;
236;
138;
169;
222;
160;
190;
165;
171;
144;
152;
248;
225;
220;
157;
189;
285;
207;
269;
272;
184;
166;
175;
148;
176;
166;
198;
130;
215;
164;
217;
205;
146;
180;
289;
192;
145;
232;
136;
206;
219;
267;
247;
236;
170;
235;
194;
217;
141;
164;
173;
147;
228;
180;
230;
194;
205;
212;
196;
181;
185;
163;
114;
301;
153;
160;
155;
183;
279;
174;
155;
149;
271;
252;
139;
154;
133;
181;
266;
152;
180;
168;
245;
258;
270;
127;
134;
220;
151;
173;
186;
179;
150;
285;
152;
230;
235;
187;
281;
221;
251;
158;
251;
126;
210;
145;
282;
208;
170;
209;
265;
267;
201;
272;
191;
171;
138;
251;
258;
197;
171;
199;
247;
157;
224;
294;
154;
227;
165;
165;
150;
170;
162;
197;
203;
146;
117;
266;
143;
232;
236;
124;
224;
189;
158;
227;
143;
173;
210;
225;
200;
202;
279;
251;
270;
260;
183;
267;
199;
196;
216;
164;
159;
137;
150;
164;
171;
258;
192;
140;
180;
186;
170;
159;
199;
138;
251;
229;
213;
135;
232;
153;
184;
163;
236;
151;
175;
258;
215;
181;
166;
216;
118;
185;
130;
192;
280;
172;
151;
193;
155;
205;
191;
163;
193;
218;
240;
233;
148;
139;
197;
150;
188;
130;
161;
171;
147;
176;
214;
212;
148;
201;
188;
240;
154;
151;
217;
141;
194;
260;
151;
212;
119;
211;
177;
160;
215;
145;
145;
186;
213;
136;
221;
186;
238;
274;
177;
236;
118;
178;
128;
169;
229;
213;
232;
204;
139;
193;
190;
163;
170;
151;
163;
181;
143;
216;
180;
213;
223;
202;
210;
194;
217;
213;
196;
191;
217;
224;
173;
183;
133;
175;
202;
209;
143;
167;
152;
216;
170;
260;
211;
206;
160;
212;
288;
224;
209;
202;
128;
206;
157;
173;
187;
220;
221;
155;
177;
143;
203;
203;
201;
158;
230;
128;
129;
243;
169;
129;
141;
135;
184;
208;
190;
217;
160;
244;
170;
205;
248;
217;
165;
237;
245;
252;
177;
179;
205;
229;
129;
235;
140;
173;
148;
135;
242;
212;
177;
195;
131;
148;
281;
159;
235;
175;
204;
148;
174;
177;
149;
183;
154;
159;
241;
174;
179;
185;
238;
162;
191;
195;
168;
156;
243;
254;
205;
167;
186;
129;
161;
221;
153;
125;
160;
258;
200;
170;
188;
187;
227;
193;
190;
190;
271;
138;
220;
168;
254;
229;
180;
125;
255;
154;
181;
200;
262;
177;
146;
158;
159;
114;
230;
227;
208;
247;
146;
229;
266;
225;
173;
143;
213;
148;
169;
154;
149;
150;
261;
221;
140;
214;
143;
151;
211;
187;
210;
190;
183;
159;
209;
186;
183;
132;
209;
205;
183;
185;
161;
178;
235;
187;
190;
182;
181;
168;
230;
265;
152;
158;
164;
165;
211;
203;
150;
205;
209;
247;
195;
229;
204;
159;
243;
147;
258;
206;
134;
204;
222;
250;
199;
210;
158;
165;
173;
222;
197;
170;
150;
227;
164;
271;
166;
161;
157;
226;
226;
208;
165;
140;
128;
245;
127;

