207;
203;
209;
119;
190;
191;
148;
135;
150;
167;
147;
139;
189;
145;
180;
240;
214;
263;
139;
245;
218;
248;
265;
150;
110;
235;
132;
135;
137;
110;
124;
99;
150;
114;
155;
224;
202;
198;
153;
188;
195;
208;
161;
115;
220;
144;
114;
198;
169;
144;
203;
118;
223;
195;
229;
133;
289;
183;
248;
213;
146;
200;
258;
128;
131;
205;
133;
186;
185;
120;
154;
182;
174;
158;
142;
248;
194;
144;
146;
216;
143;
223;
226;
169;
136;
168;
187;
138;
170;
137;
206;
164;
201;
179;
197;
147;
226;
190;
236;
144;
140;
175;
118;
208;
104;
135;
126;
148;
205;
233;
171;
210;
259;
160;
137;
164;
163;
151;
158;
149;
213;
144;
189;
160;
189;
151;
193;
193;
141;
216;
206;
221;
209;
167;
119;
176;
245;
194;
264;
202;
164;
138;
213;
191;
207;
130;
144;
260;
207;
210;
229;
158;
210;
139;
214;
108;
130;
160;
148;
171;
215;
123;
218;
196;
226;
220;
159;
147;
162;
204;
267;
218;
207;
141;
139;
232;
156;
188;
107;
176;
122;
147;
186;
258;
147;
129;
161;
233;
142;
194;
182;
136;
149;
127;
209;
184;
171;
223;
218;
131;
113;
218;
148;
200;
146;
134;
172;
191;
192;
217;
152;
206;
143;
166;
147;
192;
176;
146;
138;
185;
234;
160;
123;
262;
201;
161;
240;
109;
155;
208;
208;
126;
224;
143;
178;
209;
144;
230;
202;
156;
289;
152;
220;
130;
228;
255;
164;
129;
149;
227;
144;
155;
202;
222;
129;
178;
230;
141;
217;
216;
227;
146;
214;
151;
123;
149;
152;
152;
152;
140;
176;
141;
220;
167;
189;
283;
243;
166;
212;
214;
160;
124;
130;
122;
173;
141;
234;
136;
148;
172;
225;
204;
248;
201;
283;
267;
245;
134;
213;
175;
200;
197;
289;
119;
117;
142;
136;
135;
198;
160;
186;
199;
175;
139;
126;
118;
146;
193;
145;
113;
239;
115;
185;
202;
166;
233;
255;
144;
234;
154;
228;
103;
204;
204;
196;
266;
161;
100;
168;
217;
201;
126;
243;
120;
163;
187;
156;
125;
164;
206;
144;
250;
182;
176;
167;
214;
151;
143;
162;
211;
133;
156;
171;
135;
140;
163;
221;
209;
216;
154;
170;
173;
194;
159;
236;
246;
215;
249;
303;
146;
299;
269;
175;
203;
173;
134;
160;
188;
188;
248;
180;
169;
132;
212;
210;
183;
193;
147;
170;
140;
162;
108;
191;
208;
188;
198;
142;
118;
199;
251;
115;
189;
201;
198;
120;
128;
203;
190;
159;
232;
152;
152;
140;
177;
287;
206;
199;
163;
172;
166;
156;
138;
248;
130;
140;
204;
182;
110;
184;
220;
134;
169;
181;
143;
202;
261;
257;
143;
276;
147;
206;
197;
271;
175;
206;
266;
234;
176;
202;
112;
117;
180;
218;
231;
205;
214;
201;
158;
153;
169;
286;
221;
259;
215;
202;
146;
140;
202;
203;
189;
236;
173;
216;
192;
183;
180;
114;
186;
258;
197;
207;
195;
193;
129;
174;
186;
200;
175;
185;
223;
204;
140;
147;
257;
155;
169;
132;
178;
225;
123;
171;
170;
213;
270;
193;
159;
294;
175;
190;
273;
212;
155;
195;
171;
153;
208;
223;
169;
149;
122;
152;
165;
137;
187;
207;
154;
226;
193;
115;
148;
196;
111;
228;
166;
194;
135;
128;
177;
156;
172;
207;
157;
180;
129;
249;
221;
113;
227;
189;
150;
210;
243;
140;
214;
217;
113;
155;
203;
152;
153;
160;
151;
153;
196;
225;
178;
196;
172;
210;
176;
224;
196;
240;
176;
148;
134;
151;
246;
164;
208;
171;
149;
167;
131;
124;
225;
146;
168;
162;
273;
203;
215;
170;
207;
174;
243;
159;
160;
157;
165;
180;
157;
206;
237;
227;
158;
166;
202;
153;
188;
169;
186;
168;
121;
267;
198;
141;
142;
175;
111;
166;
221;
167;
170;
267;
141;
175;
188;
210;
200;
114;
164;
134;
168;
226;
273;
250;
198;
164;
210;
165;
116;
214;
195;
322;
171;
290;
208;
165;
142;
138;
160;
219;
301;
152;
150;
112;
186;
187;
166;
197;
253;
195;
132;
200;
138;
144;
146;
231;
250;
183;
159;
139;
171;
147;
130;
211;
219;
152;
162;
146;
217;
211;
166;
167;
127;
166;
219;
231;
233;
161;
251;
184;
250;
198;
163;
310;
145;
230;
109;
146;
237;
184;
172;
165;
154;
138;
133;
128;
126;
166;
213;
181;
205;
206;
228;
181;
139;
286;
210;
117;
237;
222;
151;
124;
170;
106;
227;
130;
197;
146;
192;
215;
232;
130;
231;
149;
168;
139;
178;
223;
175;
157;
153;
224;
204;
261;
151;
141;
145;
182;
185;
148;
131;
181;
150;
151;
155;
124;
120;
222;
170;
163;
134;
139;
200;
252;
178;
134;
140;
180;
162;
118;
204;
212;
149;
200;
149;
149;
120;
171;
131;
203;
217;
200;
114;
114;
219;
150;
131;
133;
191;
132;
150;
132;
163;
195;
183;
144;
139;
249;
240;
166;
208;
177;
116;
182;
111;
231;
132;
204;
106;
211;
158;
204;
173;
167;
156;
175;
197;
208;
198;
171;
172;
200;
176;
204;
158;
218;
136;
128;
240;
198;
153;
148;
234;
208;
230;
204;
178;
195;
129;
139;
130;
192;
122;
148;
143;
131;
150;
253;
229;
114;
140;
121;
250;
241;
122;
155;
233;
204;
146;
180;
154;
148;
165;
186;
163;
174;
120;
127;
165;
183;
174;
174;
155;
134;
178;
124;
284;
141;
160;
116;
199;
222;
207;
146;
150;
183;
195;
162;
191;
190;
149;
194;
227;
201;
149;
168;
239;
153;
113;
158;
200;
125;
141;
218;
272;
250;
226;
161;
169;
127;
192;
159;
190;
224;
194;
155;
139;
144;
205;
165;
139;
168;
232;
151;
108;
170;
191;
145;
192;
142;
162;
148;
123;
194;
156;
131;
214;
155;
178;
184;
139;
146;
220;
140;
262;
216;
221;
214;
237;
219;
198;
140;
199;
196;
143;
201;
127;
236;
221;
182;
131;
183;
126;
185;
142;
240;
142;
235;
160;
152;
141;
186;
137;
218;
201;
207;
144;
259;
130;
202;
253;
134;
144;
225;
134;
218;
115;
277;
243;
172;
265;
233;
201;
220;
201;
205;
161;
158;
159;
199;
154;
228;
179;
137;
245;
203;
128;
232;
246;
221;
159;
275;
199;
148;
241;
181;
201;
193;
189;
145;
122;
156;
254;
141;
123;
140;
219;
158;
200;
226;
271;
150;
192;
153;
120;
208;
173;
141;
187;
247;
144;
141;
157;
207;
170;
224;
131;
146;
119;
142;
183;
185;
203;
149;
258;
203;
209;
206;
218;
154;
127;
150;
102;
229;
118;
224;
177;
150;
154;
182;
196;
160;
178;
156;
196;
127;
163;
213;
180;
197;
137;
233;
198;
287;
181;
119;
162;
237;
182;
183;
209;
258;
162;
147;
123;
191;
170;
192;
151;
195;
181;
166;
180;
172;
207;
172;
198;
218;
171;
217;
169;
191;
148;
253;
141;
216;
125;
184;
227;
229;
172;
112;
150;
158;
158;
127;
189;
152;
234;
141;
137;
179;
141;
167;
237;
206;
155;
216;
193;
211;
115;
203;
192;
225;
285;
174;
224;
129;
129;
218;
237;
161;
118;
195;
215;
180;
262;
186;
186;
128;
214;
173;
160;
184;
208;
140;
143;
169;
169;
161;
233;
126;
207;
169;
162;
184;
151;
179;
162;
146;
116;
182;
144;
195;
146;
205;
133;
233;
207;
145;
180;
209;
139;
207;
310;
169;
209;
139;
129;
143;
130;
244;
221;
196;
159;
188;
202;
203;
201;
198;
239;
197;
117;
174;
130;
120;
226;
172;
196;
127;
166;
209;
171;
139;
195;
210;
194;
202;
156;
108;
211;
219;
181;
214;
131;
253;
164;
229;
134;
174;
164;
217;
143;
170;
153;
166;
164;
211;
139;
168;
185;
208;
214;
154;
231;
153;
124;
135;
134;
215;
121;
214;
300;
202;
156;
251;
132;
164;
123;
222;
132;
183;
209;
212;
168;
128;
164;
184;
172;
226;
166;
166;
195;
202;
157;
196;
143;
224;
225;
178;
159;
231;
269;
197;
156;
138;
142;
165;
137;
149;
201;
162;
189;
157;
188;
133;
187;
204;
142;
157;
221;
130;
175;
146;
223;
201;
173;
194;
203;
229;
272;
158;
126;
287;
145;
168;
193;
211;
144;
185;
148;
191;
173;
197;
209;
265;
265;
135;
211;
207;
146;
155;
216;
272;
260;
224;
176;
202;
214;
87;
256;
230;
177;
207;
167;
149;
202;
169;
131;
153;
133;
154;
218;
137;
159;
119;
137;
159;
140;
200;
141;
129;
167;
196;
179;
253;
137;
133;
125;
153;
214;
171;
194;
151;
243;
132;
194;
158;
163;
191;
122;
165;
158;
242;
152;
132;
164;
166;
262;
159;
235;
267;
211;
137;
186;
223;
107;
252;
139;
108;
148;
217;
239;
218;
192;
117;
144;
176;
197;
226;
182;
251;
188;
165;
207;
161;
159;
186;
212;
164;
231;
293;
179;
182;
151;
140;
233;
174;
205;
207;
231;
169;
231;
293;
169;
175;
179;
243;
158;
192;
252;
154;
201;
125;
181;
171;
174;
177;
114;
158;
228;
213;
164;
161;
213;
195;
109;
179;
123;
151;
129;
157;
188;
145;
160;
255;
126;
153;
167;
206;
222;
155;
140;
204;
138;
210;
179;
173;
137;
189;
189;
169;
247;
151;
242;
119;
279;
204;
203;
149;
180;
123;
215;
148;
232;
165;
182;
152;
153;
140;
172;
152;
202;
178;
136;
157;
223;
147;
238;
150;
175;
136;
135;
150;
138;
216;
209;
169;
135;
164;
236;
209;
186;
170;
217;
156;
177;
161;
216;
255;
230;
157;
211;
127;
133;
134;
137;
143;
209;
168;
192;
136;
202;
179;
182;
167;
197;
133;
141;
125;
297;
249;
170;
122;
168;
293;
217;
163;
229;
211;
195;
172;
270;
239;
137;
199;
168;
244;
225;
169;
215;
122;
153;
185;
127;
179;
211;
159;
188;
211;
167;
120;
147;
167;
199;
259;
150;
121;
135;
203;
207;
246;
178;
165;
275;
207;
198;
175;
144;
189;
152;
203;
188;
162;
220;
140;
235;
225;
154;
136;
219;
214;
135;
213;
119;
218;
153;
178;
207;
272;
210;
189;
203;
140;
217;
137;
248;
136;
149;
235;
145;
209;
137;
136;
195;
225;
154;
243;
152;
210;
241;
222;
244;
231;
126;
144;
127;
159;
158;
142;
168;
151;
235;
281;
160;
150;
237;
266;
214;
255;
186;
222;
195;
173;
174;
179;
208;
160;
144;
226;
174;
207;
112;
265;
188;
220;
179;
207;
145;
254;
192;
161;
213;
170;
197;
125;
194;
192;
242;
143;
147;
174;
177;
168;
230;
217;
136;
136;
236;
255;
199;
198;
148;
207;
192;
137;
186;
141;
205;
172;
142;
190;
146;
247;
233;
205;
192;
156;
150;
216;
207;
160;
129;
242;
170;
147;
134;
171;
114;
108;
178;
235;
201;
141;
180;
133;
202;
171;
194;
140;
219;
202;
138;
173;
134;
139;
146;
222;
129;
171;
197;
289;
174;
208;
217;
183;
143;
202;
208;
161;
139;
216;
150;
179;
145;
128;
240;
196;
128;
136;
184;
203;
227;
241;
164;
155;
223;
206;
134;
164;
152;
128;
133;
245;
202;
227;
168;
129;
136;
190;
190;
215;
153;
202;
112;
175;
169;
144;
193;
248;
126;
273;
136;
240;
199;
238;
215;
183;
171;
173;
164;
145;
145;
266;
171;
240;
193;
154;
199;
179;
191;
225;
121;
142;
214;
132;
144;
140;
133;
152;
267;
243;
168;
231;
147;
173;
178;
141;
129;
282;
159;
157;
186;
157;
128;
126;
133;
211;
124;
224;
151;
190;
168;
150;
110;
193;
136;
156;
162;
258;
206;
120;
140;
131;
280;
259;
189;
209;
146;
183;
146;
204;
202;
130;
161;
231;
194;
248;
158;
225;
228;
141;
235;
258;
142;
128;
191;
149;
280;
206;
169;
129;
195;
215;
258;
259;
153;
217;
193;
157;
150;
132;
152;
175;
186;
162;
150;
156;
161;
128;
206;
189;
129;
143;
136;
226;
160;
241;
176;
167;
138;
138;
165;
152;
191;
143;
253;
169;
140;
179;
214;
140;
168;
244;
167;
185;
137;
136;
236;
217;
151;
167;
265;
223;
203;
109;
164;
134;
168;
186;
178;
140;
189;
120;
221;
181;
126;
162;
148;
154;
213;
127;
218;
184;
170;
147;
205;
202;
139;
178;
101;
192;
137;
161;
259;
141;
171;
165;
232;
151;
170;
230;
150;
137;
217;
101;
176;
138;
178;
143;
126;
165;
188;
226;
186;
206;
158;
176;
146;
168;
119;
157;
215;
249;
185;
260;
149;
181;
212;
183;
176;
212;
127;
249;
151;
120;
143;
276;
226;
251;
135;
240;
147;
179;
210;
128;
167;
145;
209;
180;
165;
165;
224;
222;
228;
150;
236;
151;
276;
246;
249;
227;
143;
121;
135;
219;
150;
121;
153;
227;
262;
141;
138;
183;
155;
159;
128;
136;
164;
155;
159;
204;
250;
155;
239;
221;
151;
215;
200;
142;
208;
123;
268;
227;
130;
178;
117;
118;
206;
230;
230;
141;
180;
146;
244;
128;
271;
158;
183;
133;
294;
127;
258;
209;
129;
223;
193;
147;
136;
181;
221;
178;
159;
242;
216;
172;
151;
240;
144;
233;
151;
141;
200;
260;
194;
210;
166;
134;
195;
160;
164;
232;
126;
138;
123;
146;
180;
210;
205;
266;
152;
161;
121;
215;
155;
249;
138;
208;
170;
205;
176;
157;
188;
289;
231;
223;
157;
178;
176;
163;
154;
163;
189;
235;
110;
169;
210;
165;
301;
216;
174;
218;
188;
228;
135;
142;
152;
167;
153;
181;
213;
207;
139;
206;
148;
196;
270;
227;
193;
158;
229;
156;
230;
138;
186;
178;
192;
139;
183;
157;
193;
217;
195;
277;
137;
160;
207;
187;
116;
135;
165;
253;
116;
163;
173;
191;
137;
241;
249;
145;
174;
204;
145;
169;
165;
185;
169;
178;
163;
221;
159;
139;
264;
191;
170;
155;
163;
179;
145;
92;
127;
142;
179;
185;
175;
141;
257;
194;
179;
196;
156;
194;
157;
189;
176;
149;
112;
168;
233;
156;
211;
171;
149;
99;
120;
221;
162;
124;
206;
184;
130;
132;
139;
136;
192;
146;
150;
161;
200;
152;
169;
134;
203;
261;
139;
138;
217;
175;
214;
202;
167;
226;
197;
101;
178;
205;
144;
138;
175;
160;
151;
120;
200;
148;
199;
168;
186;
224;
216;
157;
182;
189;
135;
134;
155;
177;
156;
228;
126;
239;
196;
155;
274;
203;
211;
220;
288;
188;
126;
146;
157;
137;
276;
130;
214;
190;
194;
179;
206;
140;
188;
208;
164;
122;
167;
129;
181;
220;
165;
247;
202;
202;
246;
210;
145;
171;
156;
174;
242;
204;
207;
260;
262;
123;
182;
109;
194;
126;
212;
214;
176;
131;
222;
173;
203;
266;
227;
143;
225;
140;
115;
168;
267;
165;
168;
152;
205;
186;
168;
250;
150;
138;
150;
152;
148;
183;
255;
146;
196;
150;
164;
170;
132;
170;
143;
155;
138;
189;
134;
156;
179;
172;
144;
169;
262;
250;
159;
244;
139;
141;
151;
221;
263;
185;
205;
263;
172;
157;
174;
144;
154;
130;
256;
183;
168;
239;
133;
127;
152;
193;
201;
250;
211;
110;
239;
148;
185;
223;
126;
204;
186;
231;
186;
218;
150;
124;
141;
211;
203;
141;
256;
130;
151;
134;
140;
127;
151;
229;
158;
120;
197;
203;
234;
138;
113;
162;
133;
117;
135;
263;
211;
209;
296;
210;
221;
164;
184;
140;
202;
163;
249;
170;
201;
155;
124;
155;
208;
245;
168;
243;
131;
161;
199;
133;
192;
279;
206;
248;
150;
153;
218;
221;
181;
192;
220;
150;
132;
138;
122;
231;
135;
249;
153;
166;
166;
203;
145;
201;
192;
210;
180;
262;
176;
235;
198;
206;
159;
259;
155;
148;
247;
154;
153;
169;
139;
147;
230;
153;
121;
189;
136;
222;
175;
205;
119;
154;
251;
274;
210;
207;
146;
125;
135;
166;
155;
156;
146;
210;
244;
199;
221;
230;
182;
143;
120;
199;
240;
186;
206;
242;
177;
197;
174;
133;
188;
135;
234;
149;
203;
188;
247;
224;
115;
211;
133;
197;
126;
195;
135;
134;
279;
133;
145;
230;
213;
245;
272;
144;
148;
212;
119;
153;
132;
186;
165;
127;
140;
178;
193;
212;
206;
222;
152;
176;
180;
149;
145;
224;
188;
124;
286;
151;
126;
157;
149;
139;
115;
212;
200;
208;
217;
118;
212;
145;
221;
197;
128;
181;
142;
185;
182;
183;
227;
149;
152;
175;
167;
139;
114;
223;
200;
283;
193;
164;
172;
209;
232;
150;
130;
147;
156;
144;
120;
154;
167;
135;
206;
142;
147;
171;
166;
218;
155;
156;
168;
198;
211;
194;
250;
190;
247;
122;
221;
202;
138;
272;
235;
231;
165;
151;
176;
183;
129;
221;
204;
220;
126;
112;
130;
188;
241;
190;
175;
184;
208;
225;
163;
215;
275;
263;
169;
284;
192;
172;
198;
155;
149;
172;
219;
176;
254;
160;
188;
131;
191;
235;
226;
197;
229;
229;
221;
258;
207;
144;
107;
139;
192;
286;
179;
147;
230;
268;
118;
209;
200;
132;
165;
138;
239;
194;
193;
136;
265;
213;
159;
132;
231;
218;
207;
119;
135;
263;
156;
170;
220;
111;
119;
188;
155;
253;
160;
158;
190;
147;
204;
138;
181;
156;
131;
169;
211;
162;
188;
162;
133;
134;
217;
160;
153;
150;
206;
250;
173;
163;
173;
211;
140;
140;
236;
139;
178;
108;
211;
224;
153;
171;
153;
202;
217;
134;
180;
187;
142;
221;
230;
189;
186;
212;
212;
121;
214;
138;
195;
201;
121;
159;
150;
216;
217;
196;
130;
210;
269;
140;
158;
151;
214;
217;
175;
157;
200;
279;
169;
274;
163;
261;
165;
205;
161;
272;
147;
146;
268;
239;
244;
222;
150;
220;
158;
168;
200;
220;
167;
128;
92;
145;
181;
183;
222;
149;
183;
133;
228;
137;
160;
251;
214;
169;
100;
192;
173;
147;
201;
205;
160;
139;
206;
267;
262;
214;
217;
164;
206;
213;
140;
183;
176;
217;
138;
211;
204;
181;
138;
210;
188;
168;
132;
136;
201;
193;
165;
205;
120;
238;
167;
185;
182;
217;
194;
208;
172;
190;
196;
210;
175;
187;
159;
191;
209;
247;
120;
152;
172;
211;
144;
144;
281;
237;
202;
176;
138;
167;
167;
219;
138;
201;
183;
260;
239;
200;
152;
171;
262;
247;
122;
188;
151;
125;
200;
148;
147;
168;
220;
198;
142;
247;
227;
154;
145;
194;
152;
220;
153;
182;
209;
213;
198;
137;
246;
144;
164;
167;
156;
205;
159;
201;
133;
209;
151;
212;
125;
131;
133;
164;
135;
250;
151;
245;
280;
179;
146;
162;
107;
99;
183;
124;
146;
219;
192;
138;
146;
196;
150;
133;
138;
169;
151;
168;
193;
200;
176;
148;
193;
139;
198;
147;
150;
211;
188;
168;
215;
195;
185;
293;
207;
121;
162;
219;
251;
184;
162;
205;
147;
140;
135;
131;
112;
224;
157;
153;
237;
147;
261;
134;
161;
118;
200;
221;
159;
144;
132;
180;
184;
204;
134;
216;
99;
211;
126;
198;
154;
140;
216;
270;
245;
185;
152;
194;
195;
158;
209;
249;
154;
163;
178;
175;
213;
167;
253;
200;
167;
197;
141;
123;
143;
242;
214;
125;
207;
255;
195;
172;
107;
213;
137;
217;
147;
130;
198;
242;
210;
236;
114;
299;
198;
145;
144;
219;
279;
118;
173;
204;
272;
164;
214;
134;
229;
186;
197;
178;
118;
153;
193;
161;
207;
207;
152;
204;
271;
216;
199;
162;
248;
132;
165;
153;
200;
196;
249;
181;
182;
184;
231;
140;
277;
162;
134;
185;
146;
213;
150;
206;
234;
202;
220;
237;
126;
156;
177;
162;
164;
117;
215;
170;
170;
165;
154;
158;
122;
205;
188;
277;
210;
152;
232;
168;
203;
242;
236;
158;
156;
263;
221;
262;
112;
167;
227;
121;
246;
148;
146;
197;
226;
149;
181;
204;
174;
136;
156;
209;
205;
193;
239;
194;
212;
208;
158;
171;
153;
194;
203;
214;
145;
158;
149;
173;
172;
200;
147;
186;
152;
143;
199;
122;
166;
146;
205;
161;
167;
182;
298;
129;
119;
161;
268;
189;
216;
193;
170;
135;
165;
134;
136;
153;
131;
164;
206;
152;
202;
211;
172;
244;
117;
217;
183;
158;
243;
180;
186;
124;
211;
121;
212;
141;
204;
194;
276;
135;
232;
214;
154;
134;
203;
185;
177;
196;
218;
119;
194;
236;
137;
156;
169;
137;
259;
142;
147;
139;
232;
218;
141;
212;
252;
169;
183;
188;
205;
260;
201;
154;
157;
158;
206;
271;
130;
139;
123;
290;
128;
195;
152;
225;
234;
193;
151;
189;
158;
171;
123;
127;
126;
168;
210;
136;
199;
172;
220;
197;
194;
177;
232;
115;
152;
183;
166;
173;
165;
224;
183;
165;
167;
122;
133;
199;
208;
151;
128;
181;
159;
148;
238;
248;
270;
158;
120;
233;
197;
159;
207;
209;
265;
129;
203;
209;
132;
113;
135;
201;
216;
147;
161;
134;
198;
214;
239;
167;
138;
119;
168;
157;
112;
178;
205;
231;
172;
167;
164;
264;
203;
189;
188;
107;
224;
143;
174;
168;
187;
195;
256;
156;
177;
224;
238;
222;
162;
237;
184;
237;
137;
223;
143;
130;
121;
138;
110;
165;
138;
87;
220;
232;
142;
186;
135;
304;
138;
138;
138;
205;
180;
258;
151;
167;
158;
145;
187;
122;
204;
130;
147;
191;
142;
153;
171;
206;
181;
151;
249;
209;
188;
151;
183;
273;
251;
191;
176;
121;
131;
146;
240;
261;
163;
252;
136;
160;
241;
161;
145;
258;
150;
124;
185;
178;
133;
132;
147;
160;
220;
128;
229;
131;
109;
130;
159;
141;
124;
166;
163;
179;
191;
244;
201;
192;
215;
133;
230;
258;
219;
196;
199;
181;
139;
150;
211;
216;
199;
132;
155;
240;
244;
161;
191;
153;
250;
154;
177;
144;
161;
242;
143;
243;
147;
236;
161;
176;
289;
149;
240;
140;
127;
161;
193;
112;
165;
278;
184;
157;
161;
191;
133;
207;
224;
148;
179;
257;
142;
133;
184;
242;
119;
216;
202;
152;
152;
179;
198;
225;
204;
135;
224;
129;
243;
110;
137;
150;
244;
226;
203;
203;
174;
192;
136;
183;
143;
109;
193;
188;
123;
161;
215;
212;
170;
239;
152;
210;
137;
224;
174;
135;
148;
214;
185;
198;
117;
135;
145;
168;
220;
151;
209;
137;
115;
135;
150;
237;
125;
154;
227;
205;
153;
135;
109;
216;
242;
129;
165;
216;
190;
151;
140;
206;
147;
207;
168;
158;
144;
250;
132;
214;
216;
281;
134;
125;
178;
175;
117;
185;
209;
179;
195;
170;
225;
205;
195;
136;
175;
205;
207;
193;
203;
149;
126;
127;
137;
166;
128;
206;
243;
192;
150;
191;
162;
160;
228;
150;
200;
158;
220;
195;
167;
184;
181;
169;
232;
225;
167;
140;
213;
171;
170;
137;
155;
223;
147;
183;
214;
153;
227;
178;
138;
269;
158;
208;
143;
213;
148;
113;
114;
166;
136;
181;
177;
206;
236;
130;
124;
213;
157;
167;
215;
169;
145;
181;
140;
213;
139;
140;
202;
185;
262;
138;
233;
110;
201;
158;
134;
227;
220;
221;
143;
164;
150;
110;
202;
209;
166;
159;
156;
194;
202;
160;
175;
207;
174;
241;
123;
154;
220;
211;
167;
262;
213;
146;
153;
166;
196;
262;
204;
201;
219;
148;
225;
175;
171;
212;
162;
151;
133;
112;
95;
268;
141;
164;
113;
201;
124;
244;
142;
210;
153;
231;
169;
159;
139;
194;
161;
199;
185;
215;
194;
218;
168;
152;
139;
149;
232;
149;
212;
167;
166;
162;
150;
219;
183;
136;
183;
193;
154;
155;
215;
181;
201;
211;
137;
169;
259;
210;
159;
190;
136;
179;
294;
203;
207;
247;
210;
186;
204;
173;
181;
167;
199;
215;
123;
161;
170;
175;
175;
246;
182;
141;
150;
142;
152;
145;
183;
146;
130;
191;
185;
182;
130;
137;
188;
172;
177;
194;
153;
125;
187;
238;
148;
245;
216;
183;
139;
132;
163;
142;
219;
204;
153;
115;
145;
127;
139;
172;
205;
173;
176;
230;
161;
173;
244;
187;
110;
191;
265;
184;
176;
146;
209;
174;
142;
230;
203;
139;
101;
173;
146;
173;
143;
232;
272;
141;
213;
150;
191;
124;
165;
143;
157;
246;
103;
205;
200;
172;
221;
165;
193;
142;
184;
154;
182;
144;
255;
211;
160;
237;
163;
179;
142;
129;
154;
154;
154;
272;
185;
224;
168;
159;
170;
139;
176;
219;
139;
174;
188;
119;
149;
212;
221;
123;
183;
203;
156;
123;
196;
159;
154;
156;
135;
249;
137;
135;
222;
230;
153;
213;
215;
121;
214;
133;
110;
138;
216;
173;
258;
198;
236;
136;
199;
191;
159;
214;
168;
205;
269;
178;
151;
177;
218;
188;
182;
146;
251;
156;
198;
152;
244;
138;
190;
188;
173;
145;
173;
269;
161;
168;
189;
260;
211;
207;
198;
147;
149;
169;
206;
195;
141;
163;
199;
165;
234;
176;
153;
168;
203;
188;
118;
183;
183;
111;
173;
164;
152;
287;
165;
170;
129;
267;
177;
163;
176;
185;
148;
145;
311;
149;
140;
151;
222;
180;
200;
138;
211;
168;
220;
241;
222;
212;
164;
162;
279;
125;
121;
139;
152;
111;
121;
221;
163;
133;
249;
139;
209;
129;
301;
126;
221;
170;
149;
227;
175;
284;
181;
211;
185;
193;
163;
126;
134;
206;
183;
229;
202;
191;
289;
131;
174;
293;
118;
210;
190;
196;
199;
141;
177;
164;
265;
199;
293;
193;
232;
291;
183;
164;
196;
226;
226;
210;
185;
243;
299;
154;
178;
132;
199;
137;
130;
151;
172;
215;
220;
209;
258;
168;
200;
127;
277;
218;
180;
227;
153;
183;
201;
264;
151;
209;
188;
241;
171;
147;
178;
204;
149;
234;
138;
255;
146;
182;
237;
238;
114;
211;
176;
106;
175;
146;
139;
129;
115;
217;
155;
197;
238;
149;
143;
148;
181;
197;
159;
216;
171;
203;
152;
166;
140;
155;
210;
164;
171;
185;
211;
181;
168;
140;
166;
237;
172;
187;
196;
204;
136;
159;
202;
184;
221;
210;
180;
171;
194;
252;
129;
114;
147;
111;
211;
193;
207;
267;
127;
173;
198;
132;
201;
127;
128;
152;
137;
145;
150;
140;
129;
160;
193;
193;
221;
182;
193;
147;
272;
184;
196;
165;
224;
147;
261;
134;
191;
157;
236;
180;
194;
206;
211;
204;
162;
145;
210;
156;
283;
212;
192;
177;
272;
198;
170;
138;
241;
186;
107;
149;
182;
194;
223;
166;
197;
280;
201;
290;
161;
200;
165;
176;
159;
172;
224;
281;
195;
228;
131;
212;
146;
253;
212;
230;
226;
147;
147;
139;
134;
130;
241;
134;
201;
136;
129;
137;
236;
189;
152;
207;
150;
188;
201;
132;
136;
135;
199;
250;
184;
136;
250;
250;
152;
171;
214;
188;
203;
147;
175;
150;
189;
93;
142;
222;
146;
150;
197;
195;
164;
168;
183;
150;
137;
137;
200;
150;
245;
212;
156;
176;
198;
129;
262;
156;
185;
150;
123;
151;
304;
112;
243;
159;
182;
304;
219;
156;
220;
132;
136;
258;
160;
146;
161;
212;
180;
189;
171;
188;
223;
125;
172;
153;
152;
145;
173;
215;
259;
162;
232;
184;
188;
211;
169;
150;
190;
205;
255;
183;
131;
189;
114;
155;
143;
105;
214;
241;
230;
133;
125;
141;
172;
209;
207;
236;
212;
128;
155;
152;
251;
231;
186;
128;
180;
234;
144;
167;
156;
158;
233;
253;
220;
129;
239;
120;
154;
134;
269;
150;
189;
150;
148;
160;
137;
155;
104;
180;
238;
182;
190;
161;
248;
239;
204;
224;
175;
219;
108;
133;
141;
222;
171;
144;
172;
178;
147;
150;
217;
190;
171;
141;
185;
128;
155;
212;
154;
140;
220;
192;
145;
156;
204;
130;
149;
146;
164;
191;
135;
137;
184;
228;
141;
211;
143;
220;
185;
204;
125;
295;
170;
225;
191;
115;
183;
127;
280;
215;
202;
178;
257;
185;
147;
145;
103;
253;
120;
157;
143;
144;
206;
107;
243;
170;
149;
207;
203;
195;
165;
181;
212;
216;
139;
172;
121;
220;
233;
164;
222;
164;
156;
232;
157;
262;
192;
194;
128;
217;
165;
200;
259;
134;
244;
186;
210;
204;
261;
172;
187;
137;
144;
229;
236;
192;
200;
237;
221;
139;
195;
213;
186;
148;
256;
194;
200;
183;
215;
139;
147;
270;
136;
168;
120;
123;
203;
171;
211;
194;
214;
257;
131;
164;
171;
231;
124;
116;
188;
164;
164;
161;
130;
160;
244;
175;
132;
230;
148;
139;
124;
225;
149;
163;
199;
193;
138;
249;
208;
105;
166;
155;
208;
118;
111;
167;
195;
246;
231;
199;
187;
132;
253;
130;
130;
233;
271;
166;
103;
132;
212;
195;
146;
131;
169;
189;
181;
132;
176;
189;
112;
190;
243;
159;
220;
140;
203;
225;
120;
252;
165;
132;
207;
168;
160;
238;
202;
261;
223;
133;
179;
210;
178;
169;
200;
220;
214;
148;
220;
246;
162;
176;
225;
109;
161;
235;
257;
171;
123;
243;
166;
214;
203;
178;
174;
214;
241;
157;
139;
145;
240;
256;
167;
162;
132;
224;
220;
177;
201;
136;
166;
230;
142;
228;
168;
157;
193;
145;
207;
145;
126;
169;
193;
175;
276;
206;
165;
213;
151;
166;
185;
154;
244;
190;
157;
211;
176;
123;
157;
190;
215;
160;
279;
128;
194;
155;
140;
147;
121;
216;
138;
147;
195;
162;
169;
155;
153;
200;
183;
199;
234;
222;
216;
236;
154;
206;
133;
164;
242;
129;
285;
155;
125;
99;
139;
213;
194;
148;
138;
152;
242;
95;
198;
197;
153;
160;
129;
198;
118;
213;
135;
171;
181;
111;
186;
258;
154;
159;
155;
122;
147;
228;
167;
138;
158;
165;
121;
192;
199;
209;
144;
190;
235;
172;
166;
244;
166;
132;
138;
208;
129;
203;
148;
195;
157;
252;
158;
136;
145;
241;
218;
156;
223;
259;
142;
178;
207;
155;
195;
146;
121;
161;
145;
143;
199;
190;
222;
207;
252;
123;
206;
129;
142;
135;
250;
186;
154;
214;
203;
123;
114;
158;
216;
190;
198;
199;
148;
220;
197;
185;
225;
153;
293;
221;
139;
182;
167;
127;
171;
189;
135;
180;
148;
164;
192;
195;
161;
199;
109;
171;
139;
172;
193;
219;
116;
222;
235;
190;
176;
168;
200;
152;
199;
116;
165;
219;
219;
166;
208;
145;
124;
182;
115;
150;
232;
169;
144;
168;
218;
179;
133;
132;
185;
145;
144;
210;
268;
207;
212;
156;
208;
153;
146;
110;
274;
181;
132;
139;
222;
178;
136;
181;
223;
118;
227;
127;
159;
297;
260;
166;
161;
167;
156;
175;
205;
235;
163;
221;
202;
138;
128;
136;
183;
218;
131;
151;
162;
254;
247;
140;
230;
155;
176;
190;
210;
163;
140;
214;
182;
115;
220;
162;
206;
222;
211;
201;
119;
155;
201;
270;
165;
150;
147;
185;
165;
136;
145;
148;
172;
169;
111;
194;
162;
182;
112;
219;
189;
196;
164;
143;
219;
134;
174;
213;
149;
175;
142;
224;
217;
210;
142;
195;
166;
126;
197;
298;
113;
220;
169;
167;
136;
230;
259;
248;
278;
151;
208;
138;
173;
136;
143;
266;
183;
213;
150;
197;
138;
138;
241;
184;
144;
126;
162;
130;
130;
204;
112;
145;
184;
155;
229;
160;
237;
160;
153;
216;
216;
155;
153;
274;
147;
217;
201;
174;
238;
136;
269;
207;
168;
246;
235;
229;
213;
139;
170;
207;
136;
262;
201;
200;
144;
145;
145;
188;
136;
122;
244;
125;
157;
218;
172;
131;
210;
158;
240;
127;
157;
155;
186;
231;
230;
111;
215;
268;
171;
130;
149;
162;
194;
224;
137;
167;
144;
154;
130;
168;
216;
132;
152;
172;
171;
194;
175;
147;
154;
130;
276;
138;
141;
243;
189;
164;
273;
156;
172;
195;
162;
156;
210;
139;
126;
176;
167;
295;
215;
138;
152;
160;
164;
221;
134;
152;
244;
160;
219;
144;
218;
201;
195;
175;
194;
123;
183;
181;
145;
159;
132;
188;
124;
150;
167;
118;
111;
193;
156;
175;
204;
217;
152;
122;
198;
155;
160;
145;
131;
207;
210;
188;
139;
190;
237;
139;
266;
119;
187;
139;
214;
131;
153;
204;
148;
295;
186;
164;
198;
238;
223;
229;
184;
169;
211;
151;
240;
183;
188;
224;
118;
181;
136;
140;
215;
251;
151;
176;
175;
259;
283;
177;
138;
209;
213;
173;
207;
151;
216;
181;
223;
180;
141;
174;
153;
173;
143;
208;
200;
201;
156;
130;
177;
174;
124;
141;
106;
191;
163;
207;
196;
140;
257;
198;
188;
151;
195;
212;
167;
192;
138;
136;
159;
216;
220;
146;
142;
228;
208;
126;
193;
151;
131;
121;
184;
103;
169;
220;
164;
174;
134;
125;
183;
216;
167;
152;
172;
191;
151;
201;
198;
176;
205;
138;
132;
193;
172;
167;
164;
223;
127;
230;
140;
181;
235;
131;
155;
193;
206;
131;
187;
242;
186;
214;
174;
155;
144;
167;
147;
206;
264;
163;
239;
177;
140;
132;
120;
193;
146;
272;
150;
153;
150;
181;
186;
150;
187;
180;
134;
200;
198;
239;
111;
194;
109;
195;
227;
177;
172;
154;
204;
186;
137;
199;
127;
199;
211;
255;
227;
248;
110;
135;
171;
217;
227;
218;
156;
158;
127;
164;
177;
152;
180;
154;
165;
187;
163;
178;
201;
174;
164;
253;
108;
134;
296;
144;
132;
253;
135;
197;
250;
122;
162;
156;
185;
162;
156;
197;
148;
151;
257;
123;
191;
186;
282;
138;
225;
215;
135;
180;
136;
166;
199;
231;
144;
225;
150;
149;
136;
195;
179;
197;
143;
210;
296;
142;
178;
152;
232;
280;
179;
207;
179;
222;
215;
144;
253;
130;
192;
196;
117;
123;
225;
138;
268;
214;
252;
215;
213;
195;
236;
171;
188;
210;
192;
176;
166;
149;
253;
222;
151;
134;
259;
197;
168;
250;
187;
122;
133;
146;
178;
134;
153;
155;
165;
136;
209;
136;
113;
146;
212;
207;
163;
131;
151;
220;
236;
190;
179;
154;
128;
160;
215;
246;
177;
176;
234;
124;
156;
101;
190;
172;
115;
174;
243;
142;
252;
214;
263;
198;
140;
229;
159;
204;
146;
128;
173;
136;
152;
156;
215;
138;
167;
263;
196;
246;
249;
199;
133;
285;
122;
138;
134;
255;
195;
135;
209;
167;
194;
181;
199;
223;
151;
159;
192;
187;
146;
153;
207;
212;
185;
162;
234;
187;
180;
175;
125;
169;
158;
231;
220;
282;
187;
197;
170;
138;
241;
181;
229;
144;
162;
207;
183;
196;
196;
176;
244;
213;
234;
188;
126;
277;
186;
172;
239;
107;
138;
212;
249;
122;
162;
201;
221;
146;
187;
140;
238;
194;
135;
214;
171;
157;
148;
126;
148;
208;
196;
240;
221;
288;
171;
198;
132;
177;
205;
143;
165;
165;
151;
149;
184;
179;
205;
150;
209;
180;
122;
185;
149;
189;
182;
146;
157;
171;
127;
215;
261;
215;
82;
232;
166;
173;
157;
144;
148;
263;
173;
145;
129;
183;
218;
227;
191;
203;
165;
148;
250;
125;
142;
153;
225;
236;
96;
225;
220;
219;
184;
186;
229;
174;
198;
164;
144;
182;
224;
152;
166;
176;
253;
143;
212;
123;
255;
160;
178;
150;
150;
214;
236;
269;
141;
198;
178;
174;
181;
229;
178;
197;
139;
145;
167;
178;
173;
196;
152;
278;
135;
167;
183;
197;
158;
164;
196;
180;
222;
146;
194;
185;
184;
103;
145;
196;
169;
156;
147;
138;
128;
198;
239;
222;
184;
148;
182;
191;
192;
202;
157;
148;
199;
284;
177;
255;
114;
147;
120;
152;
132;
174;
226;
139;
248;
228;
150;
150;
142;
241;
227;
163;
162;
159;
160;
126;
156;
187;
133;
140;
115;
197;
216;
138;
243;
224;
178;
288;
168;
161;
150;
206;
178;
199;
129;
216;
201;
193;
183;
201;
153;
272;
125;
100;
233;
127;
148;
193;
233;
144;
191;
142;
158;
184;
187;
142;
171;
255;
129;
216;
142;
209;
257;
199;
242;
206;
143;
192;
165;
124;
205;
217;
176;
246;
203;
243;
188;
182;
138;
199;
181;
132;
141;
225;
154;
168;
177;
179;
197;
131;
132;
177;
157;
202;
190;
172;
183;
230;
209;
208;
217;
243;
161;
99;
216;
172;
134;
151;
200;
161;
271;
208;
283;
136;
120;
203;
208;
152;
129;
247;
256;
128;
177;
210;
148;
173;
217;
142;
204;
141;
151;
208;
148;
197;
138;
211;
125;
167;
125;
235;
226;
120;
153;
143;
207;
146;
139;
222;
128;
179;
223;
129;
145;
231;
170;
181;
205;
145;
137;
181;
224;
264;
114;
268;
141;
130;
116;
196;
240;
202;
174;
105;
229;
247;
198;
200;
242;
142;
171;
139;
115;
138;
187;
152;
160;
146;
213;
212;
124;
198;
173;
203;
217;
184;
157;
218;
190;
143;
207;
167;
202;
156;
196;
140;
170;
193;
153;
132;
154;
237;
192;
186;
155;
215;
172;
133;
243;
205;
153;
245;
161;
299;
201;
198;
159;
213;
159;
285;
240;
201;
168;
159;
204;
189;
189;
161;
165;
201;
137;
280;
195;
154;
129;
140;
202;
233;
211;
209;
141;
145;
211;
127;
225;
225;
167;
194;
146;
205;
204;
146;
184;
212;
134;
167;
219;
223;
137;
219;
135;
158;
270;
132;
151;
140;
142;
202;
236;
130;
176;
168;
173;
157;
192;
159;
131;
204;
201;
124;
158;
268;
215;
261;
140;
151;
195;
167;
164;
260;
115;
205;
298;
157;
128;
172;
231;
226;
135;
226;
237;
169;
174;
156;
180;
204;
144;
157;
192;
126;
223;
214;
212;
151;
168;
229;
260;
255;
267;
157;
216;
262;
272;
187;
150;
202;
127;
238;
145;
165;
209;
197;
214;
195;
259;
146;
240;
217;
117;
155;
127;
244;
154;
148;
192;
159;
167;
203;
148;
215;
134;
158;
174;
198;
124;
192;
227;
161;
138;
196;
163;
147;
134;
189;
155;
180;
201;
154;
199;
111;
159;
235;
279;
224;
223;
245;
201;
147;
185;
159;
158;
158;
219;
116;
140;
144;
140;
173;
189;
190;
124;
217;
217;
184;
213;
148;
120;
142;
136;
139;
204;
179;
209;
249;
208;
111;
155;
256;
177;
174;
134;
175;
221;
136;
194;
187;
151;
129;
240;
197;
230;
251;
194;
167;
191;
187;
196;
160;
115;
201;
157;
178;
118;
167;
133;
205;
143;
213;
208;
161;
174;
121;
100;
184;
202;
124;
203;
134;
171;
210;
174;
123;
145;
128;
273;
159;
135;
183;
147;
198;
212;
189;
171;
125;
158;
213;
173;
204;
124;
202;
136;
159;
218;
214;
188;
150;
185;
138;
236;
232;
190;
193;
240;
204;
175;
173;
181;
149;
217;
133;
253;
179;
118;
146;
199;
185;
184;
186;
150;
185;
166;
296;
156;
210;
192;
211;
152;
201;
167;
172;
188;
124;
200;
194;
203;
195;
214;
164;
157;
173;
278;
133;
217;
101;
212;
164;
255;
196;
137;
144;
261;
163;
222;
203;
141;
221;
259;
174;
140;
245;
125;
176;
207;
231;
219;
149;
172;
205;
181;
240;
199;
264;
293;
200;
160;
183;
232;
191;
187;
141;
192;
134;
163;
182;
165;
201;
183;
170;
221;
101;
200;
193;
144;
144;
191;
198;
188;
260;
194;
181;
228;
127;
217;
221;
188;
205;
158;
191;
203;
230;
196;
162;
176;
231;
148;
189;
263;
202;
242;
170;
218;
198;
181;
156;
215;
118;
218;
118;
241;
154;
147;
152;
146;
177;
214;
157;
192;
172;
222;
156;
283;
195;
136;
106;
162;
144;
158;
203;
176;
161;
156;
207;
194;
166;
172;
199;
198;
177;
165;
154;
202;
146;
181;
134;
140;
247;
155;
255;
210;
155;
156;
100;
151;
196;
174;
162;
194;
170;
157;
257;
172;
184;
167;
271;
154;
151;
184;
196;
196;
173;
195;
149;
228;
176;
284;
277;
143;
243;
191;
145;
132;
134;
159;
173;
147;
140;
153;
196;
220;
182;
204;
217;
222;
170;
278;
191;
123;
197;
182;
164;
197;
156;
153;
151;
230;
221;
150;
189;
182;
212;
185;
178;
101;
139;
208;
233;
147;
163;
125;
176;
249;
188;
110;
144;
174;
161;
163;
146;
138;
185;
123;
162;
205;
120;
134;
176;
115;
135;
153;
216;
153;
172;
148;
167;
155;
201;
205;
125;
238;
153;
184;
166;
278;
278;
159;
231;
141;
183;
145;
235;
200;
182;
221;
197;
111;
211;
217;
144;
215;
144;
223;
162;
213;
217;
212;
167;
185;
236;
149;
258;
163;
158;
160;
148;
120;
167;
206;
177;
146;
153;
173;
150;
197;
209;
251;
159;
165;
149;
267;
183;
152;
263;
172;
218;
185;
177;
265;
224;
170;
230;
215;
229;
227;
107;
181;
164;
233;
231;
164;
205;
165;
119;
155;
217;
241;
173;
220;
123;
156;
197;
190;
141;
159;
183;
151;
177;
105;
285;
182;
208;
129;
199;
193;
228;
193;
209;
135;
236;
158;
181;
116;
194;
145;
158;
256;
261;
140;
233;
157;
177;
167;
193;
293;
201;
236;
210;
174;
126;
150;
123;
186;
168;
144;
153;
228;
211;
187;
223;
188;
281;
161;
274;
157;
228;
202;
222;
133;
125;
205;
217;
139;
115;
112;
118;
128;
125;
133;
228;
163;
178;
148;
140;
170;
128;
167;
161;
209;
216;
142;
220;
168;
224;
128;
221;
216;
218;
251;
273;
164;
141;
279;
291;
116;
207;
145;
158;
193;
152;
153;
158;
144;
143;
154;
148;
177;
148;
145;
145;
235;
144;
131;
190;
160;
223;
261;
209;
254;
168;
246;
129;
220;
134;
198;
129;
132;
171;
245;
144;
142;
207;
170;
273;
150;
148;
175;
212;
151;
219;
188;
190;
164;
171;
269;
188;
163;
118;
183;
197;
187;
262;
214;
225;
131;
136;
127;
161;
127;
121;
172;
132;
238;
211;
133;
283;
139;
179;
143;
168;
168;
144;
183;
164;
149;
143;
154;
96;
229;
137;
138;
201;
143;
198;
223;
181;
160;
182;
221;
165;
136;
151;
188;
124;
170;
273;
234;
224;
170;
142;
147;
238;
184;
193;
181;
174;
184;
186;
156;
182;
151;
273;
154;
139;
217;
217;
179;
167;
252;
187;
187;
171;
157;
150;
143;
152;
211;
153;
249;
201;
153;
159;
198;
204;
178;
197;
239;
209;
246;
189;
181;
182;
129;
138;
165;
136;
166;
217;
184;
230;
173;
145;
218;
122;
127;
167;
199;
256;
203;
192;
187;
141;
161;
175;
163;
135;
119;
194;
139;
156;
180;
194;
205;
177;
114;
152;
169;
147;
191;
267;
234;
243;
144;
191;
174;
200;
161;
185;
227;
179;
215;
164;
246;
164;
241;
233;
199;
119;
200;
186;
155;
208;
138;
162;
147;
209;
180;
172;
209;
140;
226;
135;
263;
199;
201;
103;
190;
157;
187;
181;
224;
139;
190;
180;
112;
230;
174;
154;
138;
256;
251;
202;
143;
230;
220;
142;
150;
202;
175;
194;
211;
216;
118;
160;
127;
219;
168;
227;
255;
144;
181;
184;
194;
268;
181;
151;
174;
177;
157;
153;
145;
189;
122;
300;
148;
238;
194;
143;
262;
184;
151;
227;
166;
131;
156;
181;
259;
217;
196;
216;
135;
173;
154;
125;
141;
148;
259;
143;
218;
142;
146;
161;
203;
226;
131;
254;
123;
140;
180;
192;
145;
257;
198;
119;
259;
178;
214;
147;
126;
208;
215;
215;
215;
164;
150;
155;
150;
234;
187;
137;
165;
143;
194;
187;
135;
148;
123;
223;
197;
146;
147;
196;
208;
143;
147;
219;
107;
164;
193;
159;
149;
233;
202;
174;
174;
125;
211;
170;
149;
208;
127;
195;
152;
168;
144;
135;
210;
177;
156;
159;
132;
145;
190;
152;
238;
141;
204;
224;
153;
178;
217;
153;
119;
156;
131;
164;
224;
163;
256;
156;
185;
255;
136;
225;
186;
140;
118;
208;
211;
124;
171;
223;
269;
188;
143;
182;
161;
202;
208;
158;
135;
157;
157;
223;
184;
205;
195;
165;
223;
154;
192;
142;
169;
244;
170;
134;
129;
181;
198;
220;
148;
141;
170;
169;
134;
211;
156;
140;
173;
174;
157;
237;
199;
143;
239;
180;
238;
261;
187;
135;
142;
209;
137;
177;
140;
122;
228;
195;
121;
206;
184;
155;
201;
170;
155;
178;
218;
128;
221;
210;
182;
220;
193;
223;
230;
191;
222;
200;
247;
278;
175;
160;
133;
149;
195;
127;
142;
151;
147;
192;
235;
211;
156;
175;
201;
195;
176;
259;
272;
126;
243;
160;
245;
212;
140;
182;
190;
173;
138;
270;
190;
192;
209;
187;
95;
177;
157;
147;
165;
152;
144;
155;
165;
259;
222;
167;
194;
270;
125;
221;
140;
144;
223;
211;
139;
151;
131;
145;
155;
233;
244;
153;
199;
135;
123;
132;
189;
197;
177;
182;
132;
269;
215;
151;
216;
186;
137;
184;
191;
128;
211;
211;
268;
190;
139;
195;
189;
168;
122;
163;
144;
275;
216;
131;
178;
164;
164;
247;
118;
124;
143;
233;
196;
142;
198;
214;
144;
232;
241;
196;
161;
168;
161;
163;
130;
140;
208;
158;
131;
122;
184;
156;
235;
178;
136;
159;
144;
164;
230;
124;
184;
200;
219;
151;
191;
168;
214;
221;
168;
155;
133;
151;
229;
123;
186;
169;
201;
279;
153;
200;
149;
121;
191;
110;
198;
284;
150;
171;
232;
186;
272;
147;
225;
160;
151;
120;
224;
262;
173;
237;
198;
215;
229;
262;
204;
142;
148;
146;
213;
143;
233;
112;
127;
223;
202;
215;
189;
174;
151;
132;
224;
209;
260;
125;
210;
163;
141;
195;
270;
173;
210;
195;
220;
177;
271;
119;
143;
180;
206;
132;
187;
157;
175;
245;
152;
196;
165;
235;
186;
222;
200;
197;
143;
219;
232;
135;
150;
203;
154;
219;
212;
197;
223;
185;
176;
121;
147;
216;
232;
167;
174;
230;
230;
166;
158;
202;
108;
153;
189;
196;
139;
254;
233;
152;
188;
164;
236;
107;
118;
144;
193;
197;
140;
210;
167;
135;
256;
134;
226;
155;
203;
181;
148;
286;
208;
113;
142;
199;
152;
126;
191;
119;
285;
175;
147;
199;
215;
231;
237;
177;
224;
170;
166;
190;
132;
244;
169;
235;
146;
228;
255;
138;
191;
253;
146;
119;
190;
165;
124;
211;
138;
204;
132;
166;
159;
106;
175;
183;
181;
153;
179;
138;
113;
194;
194;
131;
222;
127;
193;
146;
181;
290;
140;
209;
123;
196;
113;
204;
165;
190;
140;
145;
172;
155;
267;
144;
259;
109;
222;
209;
236;
167;
131;
141;
210;
198;
193;
156;
161;
105;
140;
181;
214;
275;
181;
128;
216;
121;
152;
149;
140;
196;
221;
150;
185;
133;
163;
194;
212;
181;
138;
121;
169;
137;
247;
237;
108;
193;
247;
161;
117;
237;
241;
185;
239;
141;
122;
170;
158;
207;
219;
186;
151;
243;
187;
140;
191;
197;
198;
219;
134;
155;
187;
191;
177;
133;
145;
223;
215;
220;
239;
258;
209;
216;
132;
188;
211;
115;
200;
201;
123;
226;
170;
150;
117;
217;
131;
206;
164;
116;
123;
174;
187;
192;
162;
231;
166;
121;
271;
118;
119;
259;
121;
193;
269;
207;
134;
158;
145;
269;
151;
237;
221;
305;
182;
144;
221;
213;
140;
194;
157;
150;
119;
208;
205;
283;
137;
187;
256;
152;
191;
162;
142;
159;
202;
151;
176;
171;
163;
271;
268;
185;
181;
174;
191;
200;
199;
170;
150;
178;
148;
145;
189;
139;
246;
145;
144;
256;
162;
247;
189;
131;
274;
244;
183;
286;
175;
183;
198;
230;
189;
195;
162;
155;
201;
151;
211;
173;
161;
221;
168;
199;
127;
205;
221;
132;
141;
189;
185;
271;
112;
117;
204;
232;
174;
218;
188;
157;
148;
156;
190;
146;
177;
195;
130;
239;
231;
149;
142;
163;
190;
204;
208;
104;
174;
182;
163;
159;
188;
112;
300;
148;
177;
201;
209;
200;
138;
182;
104;
154;
165;
185;
135;
234;
141;
198;
237;
187;
183;
227;
161;
199;
148;
184;
201;
209;
226;
196;
121;
137;
185;
124;
161;
276;
138;
195;
179;
152;
182;
186;
157;
161;
148;
176;
209;
166;
230;
148;
202;
223;
212;
187;
198;
137;
251;
154;
205;
124;
181;
219;
153;
180;
243;
242;
171;
132;
147;
138;
230;
209;
168;
148;
253;
178;
145;
125;
157;
205;
162;
158;
143;
170;
163;
161;
144;
183;
169;
260;
106;
127;
145;
148;
123;
160;
215;
219;
158;
209;
141;
260;
128;
117;
144;
141;
205;
157;
164;
192;
220;
192;
196;
162;
150;
166;
140;
150;
129;
151;
213;
138;
157;
144;
186;
184;
173;
193;
200;
209;
212;
179;
159;
159;
149;
210;
261;
266;
142;
162;
158;
207;
149;
196;
286;
140;
217;
206;
186;
151;
172;
141;
223;
204;
237;
175;
204;
179;
150;
205;
138;
151;
200;
235;
214;
151;
145;
161;
153;
145;
161;
276;
153;
207;
248;
247;
132;
152;
201;
181;
111;
218;
202;
161;
195;
225;
158;
235;
126;
173;
203;
209;
123;
148;
160;
154;
218;
241;
156;
147;
225;
179;
173;
187;
207;
213;
208;
182;
204;
144;
215;
187;
134;
167;
171;
136;
227;
277;
200;
132;
135;
192;
170;
222;
281;
151;
232;
191;
160;
151;
173;
176;
150;
149;
114;
207;
153;
151;
216;
170;
131;
158;
238;
162;
126;
135;
233;
106;
160;
231;
204;
202;
166;
209;
232;
173;
244;
136;
151;
194;
269;
264;
202;
137;
130;
217;
139;
224;
204;
206;
185;
220;
145;
102;
160;
243;
140;
119;
177;
219;
239;
155;
217;
131;
155;
228;
149;
167;
171;
141;
141;
141;
188;
200;
133;
154;
199;
204;
245;
164;
152;
192;
140;
130;
128;
157;
222;
158;
210;
142;
155;
212;
244;
181;
116;
145;
178;
174;
248;
189;
148;
176;
214;
198;
165;
171;
199;
150;
188;
141;
136;
218;
225;
183;
153;
123;
141;
159;
205;
179;
141;
138;
119;
272;
166;
193;
145;
137;
212;
205;
129;
160;
130;
186;
152;
206;
110;
218;
144;
145;
228;
171;
194;
154;
162;
177;
195;
141;
204;
117;
140;
197;
143;
161;
206;
102;
198;
176;
233;
185;
218;
234;
258;
188;
195;
171;
150;
162;
222;
128;
206;
239;
130;
144;
130;
191;
146;
159;
170;
273;
127;
190;
188;
223;
135;
145;
117;
198;
193;
152;
136;
248;
203;
170;
238;
187;
150;
151;
166;
148;
228;
162;
153;
162;
264;
167;
209;
141;
188;
215;
156;
235;
198;
214;
203;
130;
242;
186;
176;
229;
145;
151;
154;
125;
171;
190;
197;
187;
198;
149;
128;
176;
133;
308;
146;
226;
263;
202;
206;
180;
114;
173;
182;
151;
168;
169;
273;
235;
189;
147;
193;
157;
202;
147;
245;
122;
151;
271;
204;
178;
223;
257;
292;
145;
146;
172;
116;
119;
277;
203;
148;
268;
174;
153;
236;
206;
269;
160;
148;
201;
184;
186;
225;
137;
129;
123;
126;
247;
123;
173;
249;
231;
202;
255;
111;
236;
137;
170;
194;
293;
137;
248;
125;
164;
112;
239;
160;
172;
146;
235;
168;
288;
163;
181;
135;
133;
146;
122;
216;
163;
209;
162;
140;
142;
253;
179;
138;
145;
215;
149;
190;
201;
135;
110;
153;
148;
176;
157;
141;
217;
137;
201;
241;
223;
236;
217;
193;
143;
163;
157;
209;
272;
255;
137;
123;
238;
186;
119;
152;
255;
270;
232;
136;
154;
156;
231;
132;
135;
151;
140;
138;
172;
191;
138;
207;
173;
195;
156;
151;
155;
239;
209;
212;
190;
206;
132;
188;
233;
194;
237;
177;
144;
266;
201;
143;
181;
111;
167;
201;
193;
176;
132;
152;
147;
193;
203;
152;
136;
186;
271;
142;
196;
165;
232;
164;
158;
221;
211;
123;
155;
209;
147;
249;
173;
186;
136;
97;
159;
124;
162;
151;
216;
145;
222;
195;
240;
202;
235;
251;
179;
148;
321;
140;
143;
234;
149;
158;
203;
232;
198;
144;
215;
246;
252;
225;
201;
125;
150;
242;
209;
169;
222;
178;
203;
124;
173;
290;
131;
143;
170;
162;
151;
157;
191;
168;
225;
179;
194;
268;
171;
118;
200;
133;
176;
212;
262;
219;
210;
120;
127;
213;
134;
300;
170;
210;
159;
144;
191;
156;
175;
111;
154;
235;
155;
162;
235;
222;
177;
169;
138;
162;
292;
187;
147;
194;
108;
221;
167;
184;
255;
233;
235;
182;
137;
138;
192;
143;
227;
139;
206;
145;
165;
213;
136;
206;
173;
114;
198;
225;
128;
212;
165;
232;
154;
170;
152;
128;
187;
135;
176;
170;
131;
144;
206;
157;
228;
190;
187;
152;
234;
212;
198;
183;
193;
121;
247;
189;
127;
202;
194;
143;
209;
170;
119;
147;
151;
208;
292;
166;
223;
258;
254;
143;
265;
126;
150;
186;
156;
198;
156;
134;
198;
157;
137;
145;
262;
153;
244;
164;
105;
197;
144;
217;
152;
152;
195;
173;
149;
213;
191;
185;
232;
180;
224;
188;
240;
282;
145;
201;
231;
175;
150;
143;
245;
151;
182;
140;
145;
166;
174;
199;
175;
208;
189;
212;
116;
149;
131;
192;
118;
188;
168;
273;
141;
155;
162;
178;
160;
130;
219;
164;
214;
158;
223;
225;
130;
212;
148;
252;
147;
190;
150;
219;
166;
162;
191;
197;
185;
204;
180;
207;
179;
152;
165;
171;
181;
164;
212;
187;
234;
168;
230;
172;
212;
164;
181;
257;
156;
141;
215;
189;
268;
212;
229;
188;
151;
226;
230;
160;
194;
164;
159;
152;
237;
136;
172;
188;
264;
160;
160;
223;
146;
139;
143;
161;
157;
186;
252;
135;
217;
228;
254;
240;
178;
178;
114;
114;
192;
222;
128;
154;
136;
183;
245;
176;
156;
193;
131;
143;
145;
181;
183;
126;
191;
164;
134;
259;
201;
172;
142;
190;
190;
165;
211;
241;
222;
138;
152;
223;
139;
234;
138;
115;
205;
148;
162;
210;
146;
210;
193;
221;
166;
179;
182;
117;
173;
144;
258;
206;
255;
198;
254;
183;
236;
228;
216;
191;
199;
139;
178;
198;
218;
104;
215;
142;
242;
255;
222;
181;
221;
180;
134;
210;
156;
107;
155;
165;
282;
152;
142;
149;
152;
170;
128;
243;
136;
294;
152;
223;
284;
116;
196;
161;
158;
131;
249;
144;
199;
131;
240;
173;
206;
148;
189;
183;
157;
173;
188;
239;
211;
157;
200;
176;
226;
171;
139;
190;
219;
186;
205;
135;
135;
215;
175;
116;
167;
181;
135;
161;
211;
130;
211;
189;
174;
197;
146;
243;
122;
207;
217;
268;
115;
214;
215;
204;
222;
199;
175;
170;
188;
125;
126;
162;
294;
193;
160;
159;
220;
145;
235;
297;
164;
195;
115;
192;
152;
177;
165;
155;
191;
163;
191;
152;
166;
226;
159;
264;
165;
157;
197;
239;
198;
129;
199;
198;
293;
216;
144;
179;
129;
168;
235;
198;
216;
226;
138;
180;
152;
199;
127;
229;
167;
115;
189;
216;
220;
155;
198;
129;
203;
145;
191;
123;
148;
231;
150;
152;
178;
225;
187;
201;
175;
225;
174;
199;
168;
210;
132;
178;
148;
168;
220;
249;
179;
175;
122;
167;
259;
114;
156;
152;
121;
233;
187;
225;
249;
184;
181;
231;
170;
198;
231;
164;
161;
164;
278;
215;
147;
116;
164;
184;
158;
215;
250;
155;
169;
165;
197;
202;
236;
140;
141;
165;
200;
206;
118;
235;
173;
253;
151;
277;
148;
160;
201;
205;
267;
168;
171;
155;
149;
126;
199;
131;
179;
272;
124;
274;
169;
166;
259;
207;
190;
221;
189;
162;
184;
138;
122;
171;
169;
162;
161;
206;
191;
139;
136;
190;
130;
146;
163;
166;
199;
194;
140;
177;
183;
218;
257;
167;
206;
191;
161;
151;
198;
141;
149;
211;
179;
164;
153;
258;
228;
206;
214;
270;
287;
139;
229;
156;
192;
213;
221;
268;
183;
193;
201;
285;
204;
131;
189;
204;
166;
177;
133;
177;
157;
222;
192;
167;
131;
128;
148;
118;
222;
121;
181;
249;
146;
215;
122;
181;
138;
142;
145;
196;
204;
191;
135;
200;
115;
159;
211;
212;
157;
264;
136;
115;
133;
146;
180;
145;
218;
173;
187;
144;
214;
227;
152;
120;
139;
222;
185;
129;
154;
167;
253;
161;
175;
206;
219;
161;
197;
201;
179;
169;
152;
253;
225;
104;
163;
182;
186;
187;
163;
131;
217;
152;
112;
156;
227;
223;
208;
174;
267;
176;
227;
158;
210;
203;
171;
147;
134;
162;
155;
231;
128;
151;
197;
125;
210;
124;
212;
270;
179;
164;
213;
214;
163;
179;
198;
232;
226;
130;
185;
127;
136;
171;
178;
206;
181;
147;
149;
191;
163;
199;
181;
250;
296;
135;
150;
132;
154;
120;
210;
147;
181;
111;
162;
191;
210;
277;
181;
145;
205;
221;
135;
231;
189;
107;
194;
186;
210;
208;
155;
178;
223;
208;
252;
228;
168;
152;
164;
140;
285;
191;
202;
166;
237;
195;
131;
204;
190;
218;
193;
149;
192;
158;
112;
158;
140;
133;
268;
193;
137;
122;
204;
133;
143;
214;
204;
271;
167;
162;
171;
137;
102;
169;
226;
205;
274;
210;
187;
158;
283;
249;
203;
145;
208;
223;
128;
146;
143;
154;
148;
194;
131;
200;
125;
169;
192;
214;
219;
203;
278;
176;
182;
131;
230;
179;
158;
289;
124;
177;
153;
151;
225;
208;
115;
202;
197;
231;
208;
169;
162;
163;
128;
128;
231;
155;
208;
279;
156;
164;
172;
179;
164;
183;
131;
195;
209;
174;
183;
121;
230;
154;
229;
177;
156;
124;
213;
186;
223;
201;
188;
188;
231;
186;
265;
140;
146;
223;
130;
132;
167;
158;
230;
182;
165;
180;
164;
156;
223;
153;
127;
184;
194;
143;
213;
209;
119;
180;
249;
127;
289;
159;
266;
127;
188;
153;
130;
255;
216;
240;
118;
212;
141;
214;
159;
134;
152;
216;
230;
187;
197;
220;
207;
210;
111;
112;
225;
228;
185;
177;
234;
304;
186;
200;
153;
219;
148;
180;
170;
215;
198;
140;
126;
189;
245;
191;
144;
149;
203;
213;
171;
180;
126;
229;
148;
228;
139;
127;
203;
162;
196;
208;
200;
192;
205;
208;
118;
194;
131;
236;
125;
164;
218;
180;
178;
126;
206;
189;
135;
172;
208;
222;
185;
128;
144;
220;
137;
294;
142;
179;
227;
178;
149;
150;
197;
199;
133;
189;
232;
218;
156;
179;
225;
163;
232;
223;
225;
212;
186;
196;
231;
140;
191;
130;
179;
174;
198;
139;
212;
153;
225;
245;
228;
202;
235;
228;
182;
191;
221;
216;
304;
144;
136;
162;
227;
150;
109;
153;
240;
113;
127;
247;
226;
132;
176;
127;
143;
125;
154;
130;
149;
202;
161;
191;
208;
151;
153;
168;
194;
146;
137;
178;
186;
203;
189;
169;
142;
157;
186;
256;
191;
149;
242;
156;
137;
271;
275;
275;
243;
195;
171;
190;
144;
208;
153;
197;
134;
223;
148;
158;
191;
178;
136;
118;
202;
180;
165;
158;
156;
155;
129;
264;
121;
124;
115;
153;
132;
141;
246;
127;
203;
127;
198;
236;
164;
206;
160;
215;
160;
137;
295;
257;
234;
191;
206;
261;
149;
169;
194;
139;
166;
135;
159;
165;
239;
167;
189;
166;
222;
136;
203;
129;
181;
124;
111;
139;
220;
229;
155;
219;
208;
152;
118;
209;
145;
200;
148;
249;
134;
152;
183;
159;
244;
143;
222;
132;
235;
128;
175;
195;
149;
158;
219;
100;
173;
136;
174;
183;
194;
159;
143;
156;
191;
140;
189;
198;
130;
160;
204;
121;
148;
254;
197;
163;
197;
198;
152;
242;
147;
200;
209;
245;
245;
102;
157;
115;
165;
174;
141;
115;
156;
125;
169;
170;
151;
132;
140;
192;
130;
289;
123;
182;
202;
228;
273;
229;
170;
145;
132;
165;
204;
169;
189;
178;
211;
159;
206;
154;
191;
219;
171;
224;
199;
167;
214;
160;
257;
223;
153;
182;
178;
263;
142;
216;
168;
197;
145;
165;
138;
218;
175;
172;
177;
202;
173;
169;
216;
137;
226;
146;
226;
214;
203;
126;
171;
233;
225;
263;
150;
168;
201;
186;
215;
134;
154;
195;
254;
144;
236;
132;
185;
165;
159;
140;
155;
120;
207;
231;
198;
203;
158;
183;
253;
192;
195;
139;
134;
222;
144;
261;
146;
225;
133;
218;
129;
224;
122;
131;
151;
159;
201;
141;
120;
140;
147;
207;
150;
206;
201;
134;
132;
166;
200;
130;
135;
180;
184;
280;
126;
157;
236;
178;
138;
134;
106;
187;
212;
199;
286;
126;
202;
146;
115;
194;
202;
197;
181;
151;
172;
93;
215;
168;
209;
202;
225;
194;
146;
158;
167;
160;
179;
159;
279;
164;
251;
146;
144;
120;
192;
215;
130;
157;
214;
193;
203;
148;
323;
176;
274;
200;
195;
141;
166;
152;
212;
145;
152;
233;
118;
180;
272;
214;
177;
134;
265;
121;
212;
184;
249;
204;
185;
157;
161;
172;
188;
171;
178;
154;
222;
216;
182;
131;
236;
170;
186;
228;
170;
139;
264;
152;
122;
207;
157;
181;
172;
171;
149;
199;
228;
239;
95;
135;
142;
126;
162;
138;
154;
133;
137;
210;
146;
195;
171;
168;
167;
192;
225;
144;
124;
225;
166;
209;
149;
127;
129;
177;
127;
113;
182;
186;
118;
231;
140;
158;
150;
240;
148;
169;
294;
143;
182;
196;
172;
130;
217;
198;
190;
237;
134;
116;
166;
153;
165;
135;
179;
130;
191;
117;
162;
160;
207;
196;
202;
296;
141;
219;
198;
154;
142;
178;
250;
137;
115;
198;
196;
196;
171;
213;
217;
170;

